,ts_code,trade_date,open,high,low,close,pre_close,change,pct_chg,vol,amount
0,000671.SZ,20230420,1.55,1.56,1.47,1.51,1.56,-0.05,-3.2051,1015555.47,152571.666
1,000671.SZ,20230419,1.6,1.6,1.55,1.56,1.6,-0.04,-2.5,701103.69,109548.881
2,000671.SZ,20230418,1.62,1.62,1.6,1.6,1.61,-0.01,-0.6211,327260.77,52525.706
3,000671.SZ,20230417,1.61,1.62,1.6,1.61,1.61,0.0,0.0,336773.8,54200.497
4,000671.SZ,20230414,1.64,1.64,1.61,1.61,1.63,-0.02,-1.227,491877.0,79786.49
5,000671.SZ,20230413,1.64,1.66,1.62,1.63,1.65,-0.02,-1.2121,711040.96,116543.311
6,000671.SZ,20230412,1.66,1.71,1.64,1.65,1.65,0.0,0.0,639812.04,106356.508
7,000671.SZ,20230411,1.65,1.66,1.62,1.65,1.64,0.01,0.6098,466935.76,76859.341
8,000671.SZ,20230410,1.69,1.69,1.64,1.64,1.7,-0.06,-3.5294,701756.66,116226.75
9,000671.SZ,20230407,1.6,1.76,1.59,1.7,1.6,0.1,6.25,1257220.93,213741.285
10,000671.SZ,20230406,1.63,1.64,1.59,1.6,1.63,-0.03,-1.8405,514884.0,82885.713
11,000671.SZ,20230404,1.66,1.67,1.63,1.63,1.66,-0.03,-1.8072,349111.0,57442.845
12,000671.SZ,20230403,1.64,1.67,1.63,1.66,1.64,0.02,1.2195,373518.22,61917.496
13,000671.SZ,20230331,1.64,1.65,1.63,1.64,1.64,0.0,0.0,300360.65,49240.953
14,000671.SZ,20230330,1.65,1.66,1.62,1.64,1.65,-0.01,-0.6061,377151.51,61711.524
15,000671.SZ,20230329,1.66,1.67,1.64,1.65,1.66,-0.01,-0.6024,440918.0,72997.884
16,000671.SZ,20230328,1.69,1.7,1.66,1.66,1.69,-0.03,-1.7751,349840.5,58510.004
17,000671.SZ,20230327,1.72,1.73,1.68,1.69,1.73,-0.04,-2.3121,497578.0,84444.212
18,000671.SZ,20230324,1.71,1.74,1.69,1.73,1.71,0.02,1.1696,846516.7,145207.772
19,000671.SZ,20230323,1.71,1.71,1.69,1.71,1.71,0.0,0.0,268840.54,45668.773
20,000671.SZ,20230322,1.71,1.72,1.7,1.71,1.71,0.0,0.0,243260.03,41700.686
21,000671.SZ,20230321,1.7,1.71,1.69,1.71,1.7,0.01,0.5882,306943.03,52136.359
22,000671.SZ,20230320,1.71,1.73,1.7,1.7,1.71,-0.01,-0.5848,329069.06,56327.704
23,000671.SZ,20230317,1.73,1.73,1.71,1.71,1.71,0.0,0.0,352057.92,60522.853
24,000671.SZ,20230316,1.74,1.74,1.71,1.71,1.75,-0.04,-2.2857,283803.08,48989.834
25,000671.SZ,20230315,1.72,1.75,1.72,1.75,1.72,0.03,1.7442,304207.2,52940.764
26,000671.SZ,20230314,1.74,1.75,1.69,1.72,1.74,-0.02,-1.1494,527624.69,90596.297
27,000671.SZ,20230313,1.77,1.78,1.73,1.74,1.78,-0.04,-2.2472,502311.42,87921.415
28,000671.SZ,20230310,1.82,1.83,1.78,1.78,1.83,-0.05,-2.7322,556486.0,99722.511
29,000671.SZ,20230309,1.84,1.84,1.82,1.83,1.83,0.0,0.0,281872.03,51538.639
30,000671.SZ,20230308,1.83,1.84,1.82,1.83,1.83,0.0,0.0,263007.0,48102.364
31,000671.SZ,20230307,1.85,1.86,1.82,1.83,1.85,-0.02,-1.0811,474087.0,87094.8
32,000671.SZ,20230306,1.86,1.87,1.84,1.85,1.86,-0.01,-0.5376,346383.0,64048.902
33,000671.SZ,20230303,1.85,1.87,1.84,1.86,1.85,0.01,0.5405,365268.66,67862.733
34,000671.SZ,20230302,1.86,1.87,1.84,1.85,1.86,-0.01,-0.5376,433781.57,80514.686
35,000671.SZ,20230301,1.86,1.87,1.85,1.86,1.86,0.0,0.0,364571.04,67824.387
36,000671.SZ,20230228,1.84,1.87,1.83,1.86,1.83,0.03,1.6393,523559.43,96862.506
37,000671.SZ,20230227,1.86,1.86,1.83,1.83,1.86,-0.03,-1.6129,387092.11,71437.786
38,000671.SZ,20230224,1.86,1.87,1.84,1.86,1.86,0.0,0.0,348032.93,64358.932
39,000671.SZ,20230223,1.87,1.88,1.86,1.86,1.87,-0.01,-0.5348,396010.5,73934.083
40,000671.SZ,20230222,1.86,1.87,1.85,1.87,1.88,-0.01,-0.5319,329214.58,61228.387
41,000671.SZ,20230221,1.87,1.9,1.86,1.88,1.85,0.03,1.6216,641012.38,120411.948
42,000671.SZ,20230220,1.84,1.86,1.83,1.85,1.84,0.01,0.5435,477236.11,88051.635
43,000671.SZ,20230217,1.85,1.86,1.83,1.84,1.85,-0.01,-0.5405,466244.11,86050.161
44,000671.SZ,20230216,1.88,1.9,1.84,1.85,1.88,-0.03,-1.5957,846610.12,158708.288
45,000671.SZ,20230215,1.89,1.9,1.87,1.88,1.9,-0.02,-1.0526,462523.0,87019.422
46,000671.SZ,20230214,1.91,1.93,1.89,1.9,1.91,-0.01,-0.5236,581412.87,110894.012
47,000671.SZ,20230213,1.91,1.91,1.88,1.91,1.9,0.01,0.5263,500548.5,94815.779
48,000671.SZ,20230210,1.88,1.91,1.88,1.9,1.89,0.01,0.5291,565789.5,107454.577
49,000671.SZ,20230209,1.88,1.9,1.87,1.89,1.88,0.01,0.5319,461867.37,86994.958
50,000671.SZ,20230208,1.89,1.93,1.88,1.88,1.89,-0.01,-0.5291,696599.37,132650.031
51,000671.SZ,20230207,1.87,1.91,1.86,1.89,1.87,0.02,1.0695,581776.65,110085.587
52,000671.SZ,20230206,1.89,1.89,1.86,1.87,1.9,-0.03,-1.5789,665823.68,124748.414
53,000671.SZ,20230203,1.92,1.93,1.89,1.9,1.93,-0.03,-1.5544,558018.63,106073.068
54,000671.SZ,20230202,1.93,1.94,1.9,1.93,1.93,0.0,0.0,666693.1,128016.54
55,000671.SZ,20230201,1.93,1.93,1.89,1.93,1.93,0.0,0.0,821596.1,156935.804
56,000671.SZ,20230131,1.87,1.93,1.85,1.93,1.88,0.05,2.6596,1250092.94,237699.209
57,000671.SZ,20230130,1.88,1.91,1.87,1.88,1.87,0.01,0.5348,907214.38,171031.999
58,000671.SZ,20230120,1.86,1.89,1.85,1.87,1.86,0.01,0.5376,923601.85,172549.657
59,000671.SZ,20230119,1.86,1.87,1.85,1.86,1.86,0.0,0.0,505487.88,93929.222
60,000671.SZ,20230118,1.86,1.87,1.85,1.86,1.85,0.01,0.5405,376855.15,70060.207
61,000671.SZ,20230117,1.86,1.88,1.84,1.85,1.86,-0.01,-0.5376,464554.0,86228.087
62,000671.SZ,20230116,1.84,1.87,1.83,1.86,1.85,0.01,0.5405,434839.0,80444.945
63,000671.SZ,20230113,1.83,1.85,1.82,1.85,1.83,0.02,1.0929,338285.1,62263.47
64,000671.SZ,20230112,1.86,1.86,1.82,1.83,1.86,-0.03,-1.6129,590773.05,108177.989
65,000671.SZ,20230111,1.87,1.89,1.85,1.86,1.86,0.0,0.0,635195.93,118602.605
66,000671.SZ,20230110,1.89,1.9,1.86,1.86,1.9,-0.04,-2.1053,699430.93,130757.31
67,000671.SZ,20230109,1.91,1.93,1.89,1.9,1.92,-0.02,-1.0417,559586.71,106488.974
68,000671.SZ,20230106,1.95,1.96,1.91,1.92,1.93,-0.01,-0.5181,891130.46,171494.942
69,000671.SZ,20230105,1.95,1.96,1.91,1.93,1.98,-0.05,-2.5253,1128884.93,217541.821
70,000671.SZ,20230104,1.9,1.98,1.9,1.98,1.91,0.07,3.6649,1587859.68,311329.794
71,000671.SZ,20230103,1.88,1.91,1.86,1.91,1.88,0.03,1.5957,610745.79,115659.526
72,000671.SZ,20221230,1.86,1.89,1.86,1.88,1.85,0.03,1.6216,826113.99,155075.219
73,000671.SZ,20221229,1.89,1.89,1.84,1.85,1.89,-0.04,-2.1164,934657.75,173433.47
74,000671.SZ,20221228,1.91,1.93,1.88,1.89,1.93,-0.04,-2.0725,813083.32,154759.31
75,000671.SZ,20221227,1.91,1.94,1.89,1.93,1.9,0.03,1.5789,752408.0,144199.244
76,000671.SZ,20221226,1.91,1.92,1.88,1.9,1.92,-0.02,-1.0417,616332.71,116619.354
77,000671.SZ,20221223,1.9,1.93,1.89,1.92,1.92,0.0,0.0,621102.0,118882.05
78,000671.SZ,20221222,1.95,1.97,1.91,1.92,1.92,0.0,0.0,1021372.24,198706.991
79,000671.SZ,20221221,1.93,1.95,1.89,1.92,1.93,-0.01,-0.5181,800699.0,154012.872
80,000671.SZ,20221220,2.0,2.0,1.92,1.93,2.03,-0.1,-4.9261,1385083.0,269240.673
81,000671.SZ,20221219,2.04,2.1,2.0,2.03,2.05,-0.02,-0.9756,1383049.0,282437.857
82,000671.SZ,20221216,2.02,2.1,2.01,2.05,2.02,0.03,1.4851,1925059.43,395354.38
83,000671.SZ,20221215,2.0,2.03,1.96,2.02,2.0,0.02,1.0,1105101.55,220772.527
84,000671.SZ,20221214,2.04,2.04,1.99,2.0,2.04,-0.04,-1.9608,1109229.57,222631.014
85,000671.SZ,20221213,2.01,2.06,2.0,2.04,2.02,0.02,0.9901,1213509.17,246612.001
86,000671.SZ,20221212,2.06,2.08,2.01,2.02,2.08,-0.06,-2.8846,1461950.15,297719.062
87,000671.SZ,20221209,2.09,2.13,2.05,2.08,2.08,0.0,0.0,2283187.74,476323.739
88,000671.SZ,20221208,2.04,2.11,2.04,2.08,2.06,0.02,0.9709,1953828.9,406704.69
89,000671.SZ,20221207,2.07,2.09,2.03,2.06,2.1,-0.04,-1.9048,1373371.42,282053.997
90,000671.SZ,20221206,2.1,2.13,2.06,2.1,2.11,-0.01,-0.4739,1673024.39,349882.031
91,000671.SZ,20221205,2.13,2.17,2.1,2.11,2.1,0.01,0.4762,2065505.0,439791.855
92,000671.SZ,20221202,2.14,2.14,2.06,2.1,2.15,-0.05,-2.3256,2367503.05,496044.448
93,000671.SZ,20221201,2.2,2.24,2.12,2.15,2.22,-0.07,-3.1532,3549638.91,770537.67
94,000671.SZ,20221130,2.31,2.47,2.18,2.22,2.29,-0.07,-3.0568,6540390.31,1512715.417
95,000671.SZ,20221129,2.26,2.29,2.13,2.29,2.08,0.21,10.0962,4546847.09,1010113.56
96,000671.SZ,20221128,2.07,2.12,2.01,2.08,2.14,-0.06,-2.8037,2463545.66,508712.377
97,000671.SZ,20221125,2.04,2.17,2.04,2.14,2.06,0.08,3.8835,3818228.27,812137.447
98,000671.SZ,20221124,2.01,2.13,2.0,2.06,1.96,0.1,5.102,3379868.93,695188.454
99,000671.SZ,20221123,1.95,1.98,1.94,1.96,1.98,-0.02,-1.0101,1464546.63,286773.068
100,000671.SZ,20221122,2.07,2.1,1.97,1.98,2.04,-0.06,-2.9412,1806774.97,365477.741
101,000671.SZ,20221121,2.06,2.07,1.96,2.04,2.08,-0.04,-1.9231,2143972.88,431344.79
102,000671.SZ,20221118,2.08,2.13,2.06,2.08,2.08,0.0,0.0,2133439.62,446790.033
103,000671.SZ,20221117,2.09,2.13,2.05,2.08,2.11,-0.03,-1.4218,2073976.23,431583.838
104,000671.SZ,20221116,2.14,2.17,2.06,2.11,2.17,-0.06,-2.765,3451931.33,725054.28
105,000671.SZ,20221115,2.15,2.27,2.14,2.17,2.25,-0.08,-3.5556,4323722.77,942452.039
106,000671.SZ,20221114,2.27,2.36,2.2,2.25,2.15,0.1,4.6512,6886141.04,1560809.042
107,000671.SZ,20221111,1.96,2.15,1.95,2.15,1.95,0.2,10.2564,5670712.2,1181345.757
108,000671.SZ,20221110,1.99,2.06,1.93,1.95,1.93,0.02,1.0363,4252102.27,846545.637
109,000671.SZ,20221109,1.77,1.93,1.77,1.93,1.75,0.18,10.2857,1172903.0,221740.444
110,000671.SZ,20221108,1.77,1.78,1.74,1.75,1.76,-0.01,-0.5682,738531.52,129729.053
111,000671.SZ,20221107,1.74,1.77,1.73,1.76,1.73,0.03,1.7341,1021002.49,179239.443
112,000671.SZ,20221104,1.71,1.74,1.7,1.73,1.69,0.04,2.3669,933759.39,161289.315
113,000671.SZ,20221103,1.71,1.73,1.69,1.69,1.73,-0.04,-2.3121,782544.27,133599.638
114,000671.SZ,20221102,1.69,1.74,1.69,1.73,1.7,0.03,1.7647,912195.5,157013.0
115,000671.SZ,20221101,1.67,1.71,1.65,1.7,1.67,0.03,1.7964,941658.44,157999.317
116,000671.SZ,20221031,1.68,1.71,1.61,1.67,1.7,-0.03,-1.7647,1398696.12,231672.711
117,000671.SZ,20221028,1.82,1.82,1.69,1.7,1.83,-0.13,-7.1038,1522622.54,264044.3
118,000671.SZ,20221027,1.81,1.85,1.8,1.83,1.83,0.0,0.0,929779.28,169541.097
119,000671.SZ,20221026,1.82,1.84,1.81,1.83,1.82,0.01,0.5495,643903.71,117518.838
120,000671.SZ,20221025,1.84,1.85,1.8,1.82,1.84,-0.02,-1.087,667162.82,121201.36
121,000671.SZ,20221024,1.89,1.9,1.83,1.84,1.89,-0.05,-2.6455,941011.33,174632.205
122,000671.SZ,20221021,1.91,1.93,1.88,1.89,1.89,0.0,0.0,705779.0,134353.628
123,000671.SZ,20221020,1.9,1.92,1.88,1.89,1.9,-0.01,-0.5263,767111.39,145332.023
124,000671.SZ,20221019,1.93,1.95,1.9,1.9,1.94,-0.04,-2.0619,752572.0,144629.11
125,000671.SZ,20221018,1.95,1.98,1.93,1.94,1.95,-0.01,-0.5128,1048816.48,204689.916
126,000671.SZ,20221017,1.93,1.96,1.9,1.95,1.94,0.01,0.5155,1067495.24,206771.45
127,000671.SZ,20221014,1.91,1.96,1.9,1.94,1.92,0.02,1.0417,1255073.08,243142.399
128,000671.SZ,20221013,1.93,1.94,1.9,1.92,1.94,-0.02,-1.0309,898996.12,172274.845
129,000671.SZ,20221012,1.91,1.95,1.88,1.94,1.91,0.03,1.5707,1051446.22,201731.595
130,000671.SZ,20221011,1.93,1.94,1.86,1.91,1.93,-0.02,-1.0363,837186.97,158626.976
131,000671.SZ,20221010,1.98,2.0,1.92,1.93,1.95,-0.02,-1.0256,955803.27,187611.871
132,000671.SZ,20220930,1.96,2.01,1.94,1.95,1.92,0.03,1.5625,1050946.0,206999.162
133,000671.SZ,20220929,2.0,2.01,1.92,1.92,1.98,-0.06,-3.0303,1006548.54,197237.086
134,000671.SZ,20220928,2.04,2.04,1.98,1.98,2.05,-0.07,-3.4146,914042.19,183449.78
135,000671.SZ,20220927,2.02,2.05,1.99,2.05,2.03,0.02,0.9852,989415.33,200067.548
136,000671.SZ,20220926,2.1,2.13,2.02,2.03,2.11,-0.08,-3.7915,1276412.86,263260.646
137,000671.SZ,20220923,2.1,2.19,2.09,2.11,2.11,0.0,0.0,1377379.67,294535.053
138,000671.SZ,20220922,2.13,2.17,2.1,2.11,2.16,-0.05,-2.3148,1133343.0,241119.248
139,000671.SZ,20220921,2.1,2.19,2.04,2.16,2.11,0.05,2.3697,1593986.92,338046.929
140,000671.SZ,20220920,2.13,2.19,2.1,2.11,2.12,-0.01,-0.4717,1295645.83,276671.12
141,000671.SZ,20220919,2.13,2.14,1.98,2.12,2.16,-0.04,-1.8519,1840201.12,384735.355
142,000671.SZ,20220916,2.27,2.29,2.16,2.16,2.3,-0.14,-6.087,2651305.59,589389.276
143,000671.SZ,20220915,2.24,2.32,2.2,2.3,2.22,0.08,3.6036,3244052.35,735532.616
144,000671.SZ,20220914,2.19,2.3,2.17,2.22,2.23,-0.01,-0.4484,1955496.05,438819.567
145,000671.SZ,20220913,2.27,2.29,2.22,2.23,2.31,-0.08,-3.4632,1945167.45,437426.397
146,000671.SZ,20220909,2.25,2.39,2.23,2.31,2.23,0.08,3.5874,3069123.44,713194.295
147,000671.SZ,20220908,2.27,2.29,2.21,2.23,2.27,-0.04,-1.7621,1249209.7,278769.618
148,000671.SZ,20220907,2.23,2.27,2.18,2.27,2.24,0.03,1.3393,2037877.11,454123.019
149,000671.SZ,20220906,2.18,2.29,2.18,2.24,2.18,0.06,2.7523,2454589.23,550001.449
150,000671.SZ,20220905,2.14,2.21,2.13,2.18,2.16,0.02,0.9259,1511003.71,327752.752
151,000671.SZ,20220902,2.18,2.19,2.13,2.16,2.19,-0.03,-1.3699,1428201.89,307247.918
152,000671.SZ,20220901,2.14,2.25,2.14,2.19,2.15,0.04,1.8605,2159687.21,476291.332
153,000671.SZ,20220831,2.18,2.23,2.14,2.15,2.19,-0.04,-1.8265,1527509.08,332756.843
154,000671.SZ,20220830,2.18,2.25,2.17,2.19,2.18,0.01,0.4587,1371286.5,301493.964
155,000671.SZ,20220829,2.18,2.18,2.13,2.18,2.21,-0.03,-1.3575,1271167.87,274249.108
156,000671.SZ,20220826,2.23,2.26,2.2,2.21,2.24,-0.03,-1.3393,1379561.45,307035.409
157,000671.SZ,20220825,2.26,2.29,2.2,2.24,2.26,-0.02,-0.885,1891190.74,422638.485
158,000671.SZ,20220824,2.31,2.37,2.25,2.26,2.33,-0.07,-3.0043,2005980.52,460461.046
159,000671.SZ,20220823,2.36,2.38,2.3,2.33,2.4,-0.07,-2.9167,2381806.9,553612.877
160,000671.SZ,20220822,2.36,2.49,2.28,2.4,2.33,0.07,3.0043,3794294.68,906103.448
161,000671.SZ,20220819,2.28,2.43,2.27,2.33,2.29,0.04,1.7467,3243803.41,763941.109
162,000671.SZ,20220818,2.31,2.34,2.26,2.29,2.35,-0.06,-2.5532,2766908.14,633613.907
163,000671.SZ,20220817,2.37,2.43,2.33,2.35,2.43,-0.08,-3.2922,4570404.8,1081553.464
164,000671.SZ,20220816,2.23,2.43,2.23,2.43,2.21,0.22,9.9548,6137225.24,1450283.752
165,000671.SZ,20220815,2.25,2.28,2.2,2.21,2.28,-0.07,-3.0702,2105688.6,467504.968
166,000671.SZ,20220812,2.19,2.34,2.16,2.28,2.2,0.08,3.6364,3496354.67,787996.839
167,000671.SZ,20220811,2.23,2.28,2.18,2.2,2.24,-0.04,-1.7857,2429021.4,538025.506
168,000671.SZ,20220810,2.21,2.28,2.16,2.24,2.23,0.01,0.4484,2834159.8,630903.53
169,000671.SZ,20220809,2.37,2.37,2.21,2.23,2.26,-0.03,-1.3274,4679035.14,1066317.631
170,000671.SZ,20220808,2.25,2.26,2.19,2.26,2.05,0.21,10.2439,1473644.75,331681.567
171,000671.SZ,20220805,1.98,2.12,1.96,2.05,1.99,0.06,3.0151,2705432.48,551963.974
172,000671.SZ,20220804,1.97,2.01,1.95,1.99,1.98,0.01,0.5051,1708275.0,337770.503
173,000671.SZ,20220803,2.03,2.07,1.96,1.98,2.02,-0.04,-1.9802,2081647.0,418230.274
174,000671.SZ,20220802,2.15,2.16,1.99,2.02,2.16,-0.14,-6.4815,2850433.51,582099.154
175,000671.SZ,20220801,2.2,2.25,2.15,2.16,2.29,-0.13,-5.6769,3360919.13,734306.058
176,000671.SZ,20220729,2.46,2.46,2.29,2.29,2.54,-0.25,-9.8425,4722533.78,1104448.712
177,000671.SZ,20220728,2.35,2.64,2.31,2.54,2.41,0.13,5.3942,7151697.08,1763997.148
178,000671.SZ,20220727,2.56,2.56,2.36,2.41,2.33,0.08,3.4335,8030901.67,1991639.561
179,000671.SZ,20220726,2.16,2.33,2.13,2.33,2.12,0.21,9.9057,3317696.98,746490.634
180,000671.SZ,20220725,1.94,2.12,1.94,2.12,1.93,0.19,9.8446,2172777.69,452487.087
181,000671.SZ,20220722,1.95,1.97,1.91,1.93,1.94,-0.01,-0.5155,817781.91,158555.721
182,000671.SZ,20220721,1.97,1.99,1.94,1.94,1.98,-0.04,-2.0202,1021032.96,199751.719
183,000671.SZ,20220720,2.0,2.04,1.97,1.98,2.02,-0.04,-1.9802,1421231.21,283743.151
184,000671.SZ,20220719,2.02,2.12,2.0,2.02,2.02,0.0,0.0,2680435.37,549034.49
185,000671.SZ,20220718,1.83,2.02,1.81,2.02,1.84,0.18,9.7826,2052437.16,403417.183
186,000671.SZ,20220715,1.96,1.97,1.83,1.84,2.02,-0.18,-8.9109,2040259.77,381470.302
187,000671.SZ,20220714,2.06,2.07,2.01,2.02,2.07,-0.05,-2.4155,1051070.93,212972.774
188,000671.SZ,20220713,2.03,2.12,2.03,2.07,2.04,0.03,1.4706,1310973.0,273169.881
189,000671.SZ,20220712,2.01,2.06,2.01,2.04,2.02,0.02,0.9901,1026597.2,209006.162
190,000671.SZ,20220711,2.05,2.06,2.01,2.02,2.05,-0.03,-1.4634,796322.75,161531.282
191,000671.SZ,20220708,2.06,2.08,2.04,2.05,2.06,-0.01,-0.4854,691275.78,142444.328
192,000671.SZ,20220707,2.05,2.08,2.04,2.06,2.06,0.0,0.0,749924.75,154302.439
193,000671.SZ,20220706,2.13,2.14,2.05,2.06,2.14,-0.08,-3.7383,1615389.87,335053.227
194,000671.SZ,20220705,2.16,2.17,2.13,2.14,2.16,-0.02,-0.9259,751033.4,161193.495
195,000671.SZ,20220704,2.17,2.18,2.13,2.16,2.17,-0.01,-0.4608,977253.26,209904.219
196,000671.SZ,20220701,2.18,2.22,2.17,2.17,2.19,-0.02,-0.9132,861504.65,188582.7
197,000671.SZ,20220630,2.21,2.22,2.18,2.19,2.22,-0.03,-1.3514,1102650.54,242008.677
198,000671.SZ,20220629,2.16,2.24,2.15,2.22,2.16,0.06,2.7778,2253589.39,498067.399
199,000671.SZ,20220628,2.17,2.18,2.15,2.16,2.17,-0.01,-0.4608,902727.74,195266.136
200,000671.SZ,20220627,2.16,2.2,2.15,2.17,2.17,0.0,0.0,1053731.14,229153.672
201,000671.SZ,20220624,2.19,2.21,2.16,2.17,2.21,-0.04,-1.81,1121162.72,243722.214
202,000671.SZ,20220623,2.2,2.22,2.17,2.21,2.2,0.01,0.4545,1407231.06,309668.408
203,000671.SZ,20220622,2.26,2.27,2.2,2.2,2.26,-0.06,-2.6549,1425989.21,317121.707
204,000671.SZ,20220621,2.24,2.33,2.23,2.26,2.24,0.02,0.8929,1977994.73,451528.982
205,000671.SZ,20220620,2.21,2.26,2.2,2.24,2.2,0.04,1.8182,1272753.0,284461.112
206,000671.SZ,20220617,2.21,2.23,2.17,2.2,2.23,-0.03,-1.3453,1131428.05,248730.099
207,000671.SZ,20220616,2.24,2.28,2.22,2.23,2.26,-0.03,-1.3274,1550522.58,347729.393
208,000671.SZ,20220615,2.26,2.35,2.23,2.26,2.28,-0.02,-0.8772,2650539.59,606572.639
209,000671.SZ,20220614,2.14,2.36,2.13,2.28,2.15,0.13,6.0465,3060989.49,687380.588
210,000671.SZ,20220613,2.19,2.21,2.13,2.15,2.21,-0.06,-2.7149,1445144.91,312684.685
211,000671.SZ,20220610,2.23,2.24,2.2,2.21,2.25,-0.04,-1.7778,1427413.93,316222.7
212,000671.SZ,20220609,2.25,2.3,2.23,2.25,2.25,0.0,0.0,1218665.6,276615.111
213,000671.SZ,20220608,2.28,2.29,2.24,2.25,2.3,-0.05,-2.1739,1100942.48,248615.953
214,000671.SZ,20220607,2.26,2.31,2.24,2.3,2.28,0.02,0.8772,1349333.83,306617.525
215,000671.SZ,20220606,2.29,2.31,2.21,2.28,2.3,-0.02,-0.8696,1648428.52,371084.735
216,000671.SZ,20220602,2.32,2.33,2.29,2.3,2.34,-0.04,-1.7094,1283924.87,295864.906
217,000671.SZ,20220601,2.37,2.41,2.33,2.34,2.39,-0.05,-2.0921,1248821.48,295606.923
218,000671.SZ,20220531,2.35,2.42,2.3,2.39,2.36,0.03,1.2712,1559960.84,367242.588
219,000671.SZ,20220530,2.39,2.4,2.35,2.36,2.4,-0.04,-1.6667,1235881.67,292549.656
220,000671.SZ,20220527,2.45,2.46,2.39,2.4,2.48,-0.08,-3.2258,1999418.34,482671.783
221,000671.SZ,20220526,2.38,2.59,2.35,2.48,2.36,0.12,5.0847,3295499.48,813194.664
222,000671.SZ,20220525,2.36,2.38,2.32,2.36,2.36,0.0,0.0,1194587.25,280915.576
223,000671.SZ,20220524,2.45,2.46,2.35,2.36,2.45,-0.09,-3.6735,1754511.4,421065.745
224,000671.SZ,20220523,2.46,2.5,2.44,2.45,2.48,-0.03,-1.2097,1377012.88,338457.269
225,000671.SZ,20220520,2.51,2.53,2.46,2.48,2.54,-0.06,-2.3622,2094951.51,520163.175
226,000671.SZ,20220519,2.39,2.59,2.37,2.54,2.45,0.09,3.6735,3112015.7,776639.701
227,000671.SZ,20220518,2.46,2.5,2.42,2.45,2.48,-0.03,-1.2097,1605226.85,393934.031
228,000671.SZ,20220517,2.52,2.53,2.41,2.48,2.56,-0.08,-3.125,2186058.37,537233.138
229,000671.SZ,20220516,2.66,2.71,2.51,2.56,2.54,0.02,0.7874,3413820.31,881042.571
230,000671.SZ,20220513,2.44,2.55,2.38,2.54,2.45,0.09,3.6735,3486816.96,867506.022
231,000671.SZ,20220512,2.51,2.56,2.38,2.45,2.54,-0.09,-3.5433,2672350.84,655745.798
232,000671.SZ,20220511,2.59,2.68,2.52,2.54,2.63,-0.09,-3.4221,3891758.13,1003982.103
233,000671.SZ,20220510,2.6,2.74,2.57,2.63,2.54,0.09,3.5433,5260865.12,1389507.937
234,000671.SZ,20220509,2.31,2.54,2.29,2.54,2.31,0.23,9.9567,1853136.65,457226.834
235,000671.SZ,20220506,2.42,2.43,2.3,2.31,2.51,-0.2,-7.9681,3034656.84,713517.207
236,000671.SZ,20220505,2.5,2.57,2.42,2.51,2.58,-0.07,-2.7132,3540830.16,886282.881
237,000671.SZ,20220429,2.52,2.64,2.39,2.58,2.52,0.06,2.381,4575184.26,1142116.47
238,000671.SZ,20220428,2.47,2.57,2.39,2.52,2.5,0.02,0.8,3284573.81,813079.114
239,000671.SZ,20220427,2.47,2.51,2.34,2.5,2.56,-0.06,-2.3438,3246727.41,790355.367
240,000671.SZ,20220426,2.47,2.67,2.41,2.56,2.44,0.12,4.918,3932887.17,1000670.99
241,000671.SZ,20220425,2.58,2.77,2.41,2.44,2.61,-0.17,-6.5134,3505242.82,906561.558
242,000671.SZ,20220422,2.58,2.65,2.54,2.61,2.59,0.02,0.7722,2213227.61,576712.972
243,000671.SZ,20220421,2.71,2.79,2.58,2.59,2.73,-0.14,-5.1282,2388811.34,633246.782
244,000671.SZ,20220420,2.84,2.88,2.71,2.73,2.87,-0.14,-4.878,2691535.01,746106.929
245,000671.SZ,20220419,2.82,2.9,2.77,2.87,2.78,0.09,3.2374,3069762.31,873973.938
246,000671.SZ,20220418,2.83,2.92,2.76,2.78,2.91,-0.13,-4.4674,3009554.24,852616.721
247,000671.SZ,20220415,2.94,3.03,2.81,2.91,2.97,-0.06,-2.0202,3691913.12,1083076.887
248,000671.SZ,20220414,2.89,3.01,2.88,2.97,2.89,0.08,2.7682,3607178.83,1065413.178
249,000671.SZ,20220413,2.99,3.08,2.87,2.89,3.02,-0.13,-4.3046,4196390.11,1244767.191
250,000671.SZ,20220412,3.15,3.2,3.02,3.02,3.36,-0.34,-10.119,5926050.28,1819632.61
251,000671.SZ,20220411,3.51,3.55,3.36,3.36,3.73,-0.37,-9.9196,3987403.79,1352138.148
252,000671.SZ,20220408,3.72,3.85,3.51,3.73,3.7,0.03,0.8108,6797695.12,2525932.372
253,000671.SZ,20220407,3.4,3.85,3.36,3.7,3.59,0.11,3.0641,8289770.34,3031447.424
254,000671.SZ,20220406,3.87,3.95,3.58,3.59,3.9,-0.31,-7.9487,7153163.53,2668922.728
255,000671.SZ,20220401,4.42,4.42,3.83,3.9,4.25,-0.35,-8.2353,11331827.95,4574789.053
256,000671.SZ,20220331,3.92,4.25,3.63,4.25,3.86,0.39,10.1036,10935447.42,4356821.609
257,000671.SZ,20220330,3.7,4.21,3.52,3.86,3.83,0.03,0.7833,11804477.49,4660038.747
258,000671.SZ,20220329,4.2,4.26,3.83,3.83,4.25,-0.42,-9.8824,7109728.79,2757283.488
259,000671.SZ,20220328,3.9,4.25,3.78,4.25,3.86,0.39,10.1036,7454951.79,3054806.383
260,000671.SZ,20220325,3.76,4.19,3.45,3.86,3.83,0.03,0.7833,8555091.4,3219231.34
261,000671.SZ,20220324,3.6,3.83,3.57,3.83,3.48,0.35,10.0575,8582515.12,3227987.022
262,000671.SZ,20220323,3.48,3.48,3.33,3.48,3.16,0.32,10.1266,4581625.05,1586589.33
263,000671.SZ,20220322,2.88,3.16,2.81,3.16,2.87,0.29,10.1045,4151148.66,1249304.774
264,000671.SZ,20220321,2.62,2.87,2.54,2.87,2.61,0.26,9.9617,5693736.16,1576697.417
265,000671.SZ,20220318,2.4,2.61,2.34,2.61,2.37,0.24,10.1266,3670234.66,900389.81
266,000671.SZ,20220317,2.28,2.37,2.28,2.37,2.15,0.22,10.2326,890259.72,208926.375
267,000671.SZ,20220316,2.09,2.18,2.01,2.15,2.06,0.09,4.3689,1062658.09,222740.606
268,000671.SZ,20220315,2.2,2.21,2.05,2.06,2.21,-0.15,-6.7873,1023394.78,217471.007
269,000671.SZ,20220314,2.32,2.33,2.21,2.21,2.3,-0.09,-3.913,841209.52,190835.823
270,000671.SZ,20220311,2.22,2.32,2.17,2.3,2.25,0.05,2.2222,897499.68,201728.758
271,000671.SZ,20220310,2.25,2.29,2.22,2.25,2.23,0.02,0.8969,816598.89,184185.353
272,000671.SZ,20220309,2.36,2.36,2.13,2.23,2.33,-0.1,-4.2918,1101150.42,246923.438
273,000671.SZ,20220308,2.43,2.44,2.32,2.33,2.43,-0.1,-4.1152,822072.99,193969.033
274,000671.SZ,20220307,2.44,2.5,2.42,2.43,2.45,-0.02,-0.8163,825261.29,202782.67
275,000671.SZ,20220304,2.49,2.49,2.43,2.45,2.5,-0.05,-2.0,738460.23,181362.309
276,000671.SZ,20220303,2.46,2.54,2.46,2.5,2.46,0.04,1.626,865440.96,216148.197
277,000671.SZ,20220302,2.42,2.49,2.41,2.46,2.43,0.03,1.2346,839634.33,206333.981
278,000671.SZ,20220301,2.42,2.46,2.39,2.43,2.42,0.01,0.4132,784196.83,189706.27
279,000671.SZ,20220228,2.52,2.52,2.38,2.42,2.52,-0.1,-3.9683,1116855.06,270006.809
280,000671.SZ,20220225,2.53,2.56,2.52,2.52,2.53,-0.01,-0.3953,596876.04,151258.444
281,000671.SZ,20220224,2.62,2.63,2.49,2.53,2.63,-0.1,-3.8023,1019623.63,262199.302
282,000671.SZ,20220223,2.65,2.66,2.61,2.63,2.65,-0.02,-0.7547,672041.23,176713.306
283,000671.SZ,20220222,2.69,2.73,2.64,2.65,2.72,-0.07,-2.5735,796540.0,213480.768
284,000671.SZ,20220221,2.65,2.73,2.62,2.72,2.69,0.03,1.1152,1111760.5,297258.92
285,000671.SZ,20220218,2.6,2.7,2.59,2.69,2.63,0.06,2.2814,959318.71,255027.821
286,000671.SZ,20220217,2.67,2.67,2.62,2.63,2.68,-0.05,-1.8657,586685.09,155145.572
287,000671.SZ,20220216,2.67,2.7,2.65,2.68,2.67,0.01,0.3745,592143.46,158058.244
288,000671.SZ,20220215,2.72,2.73,2.65,2.67,2.72,-0.05,-1.8382,637131.0,170634.015
289,000671.SZ,20220214,2.79,2.82,2.7,2.72,2.81,-0.09,-3.2028,863197.73,237089.349
290,000671.SZ,20220211,2.85,2.93,2.81,2.81,2.81,0.0,0.0,965297.67,275922.863
291,000671.SZ,20220210,2.79,2.83,2.73,2.81,2.84,-0.03,-1.0563,870760.76,242707.3
292,000671.SZ,20220209,2.76,2.99,2.74,2.84,2.72,0.12,4.4118,1904689.8,543843.949
293,000671.SZ,20220208,2.56,2.74,2.53,2.72,2.6,0.12,4.6154,1569312.38,419232.452
294,000671.SZ,20220207,2.59,2.66,2.59,2.6,2.88,-0.28,-9.7222,1567156.12,408071.402
295,000671.SZ,20220128,2.92,2.93,2.86,2.88,2.9,-0.02,-0.6897,650257.66,188380.053
296,000671.SZ,20220127,2.93,2.96,2.88,2.9,2.95,-0.05,-1.6949,745071.54,217475.493
297,000671.SZ,20220126,2.91,2.96,2.86,2.95,2.91,0.04,1.3746,804618.88,234853.51
298,000671.SZ,20220125,3.06,3.08,2.9,2.91,3.08,-0.17,-5.5195,1085452.95,324475.069
299,000671.SZ,20220124,3.07,3.12,3.02,3.08,3.09,-0.01,-0.3236,721118.59,221271.623
300,000671.SZ,20220121,3.13,3.22,3.07,3.09,3.16,-0.07,-2.2152,1118602.19,348537.921
301,000671.SZ,20220120,3.25,3.32,3.15,3.16,3.17,-0.01,-0.3155,2061560.95,668274.096
302,000671.SZ,20220119,3.08,3.2,3.07,3.17,3.08,0.09,2.9221,1456693.23,459901.234
303,000671.SZ,20220118,3.11,3.14,3.03,3.08,3.11,-0.03,-0.9646,1181962.11,364961.647
304,000671.SZ,20220117,3.1,3.15,3.08,3.11,3.11,0.0,0.0,715801.04,222723.563
305,000671.SZ,20220114,3.24,3.25,3.09,3.11,3.26,-0.15,-4.6012,1477584.65,466076.573
306,000671.SZ,20220113,3.25,3.35,3.23,3.26,3.25,0.01,0.3077,1548633.53,510463.164
307,000671.SZ,20220112,3.24,3.28,3.15,3.25,3.26,-0.01,-0.3067,1392640.05,448490.56
308,000671.SZ,20220111,3.3,3.36,3.24,3.26,3.35,-0.09,-2.6866,2540800.08,835871.831
309,000671.SZ,20220110,3.28,3.4,3.17,3.35,3.25,0.1,3.0769,2575061.11,843134.909
310,000671.SZ,20220107,3.13,3.32,3.12,3.25,3.12,0.13,4.1667,2578722.15,838309.055
311,000671.SZ,20220106,3.09,3.19,3.06,3.12,3.12,0.0,0.0,1381337.45,433011.189
312,000671.SZ,20220105,3.08,3.15,3.06,3.12,3.08,0.04,1.2987,1157939.73,359951.52
313,000671.SZ,20220104,3.0,3.1,2.98,3.08,3.02,0.06,1.9868,1090681.01,332962.158
314,000671.SZ,20211231,3.0,3.03,2.98,3.02,3.01,0.01,0.3322,827655.76,248999.759
315,000671.SZ,20211230,3.02,3.06,2.98,3.01,3.03,-0.02,-0.6601,1060480.0,320136.09
316,000671.SZ,20211229,3.1,3.12,3.02,3.03,3.16,-0.13,-4.1139,1291586.18,394612.706
317,000671.SZ,20211228,3.34,3.35,3.09,3.16,3.43,-0.27,-7.8717,2369886.77,752362.399
318,000671.SZ,20211227,3.24,3.47,3.24,3.43,3.24,0.19,5.8642,1566561.75,527668.034
319,000671.SZ,20211224,3.31,3.32,3.22,3.24,3.33,-0.09,-2.7027,1124579.43,365206.707
320,000671.SZ,20211223,3.44,3.5,3.32,3.33,3.47,-0.14,-4.0346,1808694.99,612038.69
321,000671.SZ,20211222,3.67,3.89,3.43,3.47,3.54,-0.07,-1.9774,3550923.89,1282961.33
322,000671.SZ,20211221,3.22,3.54,3.21,3.54,3.22,0.32,9.9379,1650630.65,572029.401
323,000671.SZ,20211220,3.13,3.29,3.12,3.22,3.12,0.1,3.2051,1427231.6,458727.324
324,000671.SZ,20211217,3.1,3.17,3.1,3.12,3.12,0.0,0.0,668003.94,208989.479
325,000671.SZ,20211216,3.12,3.13,3.06,3.12,3.1,0.02,0.6452,754492.12,234481.051
326,000671.SZ,20211215,3.04,3.18,3.03,3.1,3.04,0.06,1.9737,968833.12,301976.786
327,000671.SZ,20211214,3.08,3.09,3.03,3.04,3.09,-0.05,-1.6181,692742.46,211413.526
328,000671.SZ,20211213,3.13,3.15,3.09,3.09,3.15,-0.06,-1.9048,1040424.08,323685.418
329,000671.SZ,20211210,3.09,3.27,3.07,3.15,3.09,0.06,1.9417,1663152.51,525113.71
330,000671.SZ,20211209,3.04,3.15,3.02,3.09,3.05,0.04,1.3115,1329021.9,411537.544
331,000671.SZ,20211208,3.11,3.12,3.0,3.05,3.13,-0.08,-2.5559,1795774.8,546246.45
332,000671.SZ,20211207,2.97,3.21,2.96,3.13,2.92,0.21,7.1918,3127241.86,970196.508
333,000671.SZ,20211206,2.98,3.09,2.91,2.92,2.94,-0.02,-0.6803,946528.95,281474.817
334,000671.SZ,20211203,2.97,3.01,2.88,2.94,2.97,-0.03,-1.0101,1082659.04,317474.388
335,000671.SZ,20211202,2.99,3.06,2.97,2.97,3.0,-0.03,-1.0,860840.19,258530.196
336,000671.SZ,20211201,2.94,3.02,2.91,3.0,2.9,0.1,3.4483,868168.38,258610.838
337,000671.SZ,20211130,2.93,3.04,2.9,2.9,2.94,-0.04,-1.3605,810507.48,239847.727
338,000671.SZ,20211129,2.95,2.99,2.92,2.94,3.0,-0.06,-2.0,646222.69,190897.75
339,000671.SZ,20211126,3.01,3.06,2.98,3.0,3.02,-0.02,-0.6623,668290.38,201126.35
340,000671.SZ,20211125,3.06,3.11,3.01,3.02,3.08,-0.06,-1.9481,773127.03,235665.724
341,000671.SZ,20211124,2.96,3.15,2.95,3.08,2.98,0.1,3.3557,1263486.8,388188.099
342,000671.SZ,20211123,2.88,3.03,2.86,2.98,2.89,0.09,3.1142,1165795.04,343983.32
343,000671.SZ,20211122,2.94,2.97,2.85,2.89,3.02,-0.13,-4.3046,1401729.48,406488.835
344,000671.SZ,20211119,2.78,3.03,2.75,3.02,2.75,0.27,9.8182,1705693.82,498732.795
345,000671.SZ,20211118,2.81,2.83,2.74,2.75,2.83,-0.08,-2.8269,663076.5,184284.077
346,000671.SZ,20211117,2.85,2.88,2.81,2.83,2.87,-0.04,-1.3937,706105.54,200225.167
347,000671.SZ,20211116,2.93,2.95,2.83,2.87,2.93,-0.06,-2.0478,849743.95,244794.508
348,000671.SZ,20211115,2.94,2.97,2.91,2.93,3.02,-0.09,-2.9801,1261646.94,370025.727
349,000671.SZ,20211112,3.11,3.13,2.88,3.02,2.99,0.03,1.0033,2763399.07,830991.836
350,000671.SZ,20211111,2.73,2.99,2.72,2.99,2.72,0.27,9.9265,902507.24,262202.98
351,000671.SZ,20211110,2.64,2.74,2.58,2.72,2.64,0.08,3.0303,944875.48,251013.152
352,000671.SZ,20211109,2.66,2.69,2.63,2.64,2.67,-0.03,-1.1236,558539.97,147978.982
353,000671.SZ,20211108,2.67,2.71,2.61,2.67,2.67,0.0,0.0,767309.38,204608.104
354,000671.SZ,20211105,2.73,2.81,2.65,2.67,2.73,-0.06,-2.1978,1104192.41,299375.319
355,000671.SZ,20211104,2.76,2.78,2.7,2.73,2.73,0.0,0.0,838772.66,229170.924
356,000671.SZ,20211103,2.76,2.81,2.72,2.73,2.78,-0.05,-1.7986,1315705.17,362866.416
357,000671.SZ,20211102,2.96,2.99,2.71,2.78,2.98,-0.2,-6.7114,1508052.6,427193.555
358,000671.SZ,20211101,3.03,3.09,2.93,2.98,3.22,-0.24,-7.4534,1711510.21,512349.378
359,000671.SZ,20211029,3.22,3.27,3.22,3.22,3.58,-0.36,-10.0559,368640.67,118747.99
360,000671.SZ,20211028,3.7,3.72,3.54,3.58,3.71,-0.13,-3.504,441367.85,159098.074
361,000671.SZ,20211027,3.79,3.8,3.69,3.71,3.8,-0.09,-2.3684,276325.46,103501.405
362,000671.SZ,20211026,3.88,3.89,3.77,3.8,3.88,-0.08,-2.0619,270204.23,102926.395
363,000671.SZ,20211025,3.86,3.99,3.83,3.88,3.96,-0.08,-2.0202,247532.02,96247.644
364,000671.SZ,20211022,3.9,4.1,3.9,3.96,3.91,0.05,1.2788,401498.85,161312.888
365,000671.SZ,20211021,3.9,3.93,3.85,3.91,3.83,0.08,2.0888,267073.64,104177.861
366,000671.SZ,20211020,3.9,3.91,3.81,3.83,3.9,-0.07,-1.7949,257166.17,98723.519
367,000671.SZ,20211019,3.96,3.97,3.87,3.9,3.97,-0.07,-1.7632,272845.41,106745.015
368,000671.SZ,20211018,4.07,4.1,3.96,3.97,4.1,-0.13,-3.1707,359480.06,143434.532
369,000671.SZ,20211015,4.17,4.21,4.05,4.1,4.18,-0.08,-1.9139,524412.35,216473.185
370,000671.SZ,20211014,4.16,4.19,4.16,4.18,4.19,-0.01,-0.2387,395853.27,165269.05
371,000671.SZ,20211013,4.21,4.22,4.16,4.19,4.23,-0.04,-0.9456,301437.04,126128.714
372,000671.SZ,20211012,4.19,4.3,4.16,4.23,4.21,0.02,0.4751,328983.55,139514.715
373,000671.SZ,20211011,4.19,4.26,4.16,4.21,4.19,0.02,0.4773,234751.11,98765.948
374,000671.SZ,20211008,4.16,4.27,4.16,4.19,4.17,0.02,0.4796,273647.38,114926.71
375,000671.SZ,20210930,4.26,4.34,4.15,4.17,4.16,0.01,0.2404,312460.71,131622.902
376,000671.SZ,20210929,4.29,4.31,4.16,4.16,4.28,-0.12,-2.8037,311252.39,131359.327
377,000671.SZ,20210928,4.13,4.33,4.1,4.28,4.06,0.22,5.4187,682583.02,287849.775
378,000671.SZ,20210927,4.25,4.26,4.03,4.06,4.29,-0.23,-5.3613,496269.64,204491.531
379,000671.SZ,20210924,4.34,4.41,4.26,4.29,4.37,-0.08,-1.8307,305765.45,132415.428
380,000671.SZ,20210923,4.2,4.43,4.18,4.37,4.16,0.21,5.0481,534719.42,231305.726
381,000671.SZ,20210922,4.19,4.26,4.11,4.16,4.28,-0.12,-2.8037,587279.26,243663.946
382,000671.SZ,20210917,4.31,4.35,4.26,4.28,4.31,-0.03,-0.6961,211648.83,90895.014
383,000671.SZ,20210916,4.5,4.51,4.31,4.31,4.48,-0.17,-3.7946,273370.7,120099.315
384,000671.SZ,20210915,4.55,4.57,4.44,4.48,4.57,-0.09,-1.9694,219783.64,98777.11
385,000671.SZ,20210914,4.75,4.77,4.56,4.57,4.74,-0.17,-3.5865,354674.45,164968.214
386,000671.SZ,20210913,4.7,4.79,4.64,4.74,4.69,0.05,1.0661,338172.98,159911.159
387,000671.SZ,20210910,4.68,4.82,4.67,4.69,4.65,0.04,0.8602,300206.47,142104.321
388,000671.SZ,20210909,4.71,4.73,4.63,4.65,4.7,-0.05,-1.0638,312086.38,146202.073
389,000671.SZ,20210908,4.7,4.76,4.69,4.7,4.7,0.0,0.0,195096.05,91966.867
390,000671.SZ,20210907,4.69,4.72,4.64,4.7,4.69,0.01,0.2132,169830.13,79508.898
391,000671.SZ,20210906,4.73,4.77,4.68,4.69,4.73,-0.04,-0.8457,225247.76,106106.08
392,000671.SZ,20210903,4.74,4.82,4.7,4.73,4.81,-0.08,-1.6632,318183.32,151075.732
393,000671.SZ,20210902,4.54,4.9,4.53,4.81,4.56,0.25,5.4825,878378.79,417710.937
394,000671.SZ,20210901,4.43,4.58,4.41,4.56,4.44,0.12,2.7027,409772.11,184848.509
395,000671.SZ,20210831,4.27,4.5,4.27,4.44,4.3,0.14,3.2558,258697.6,113483.308
396,000671.SZ,20210830,4.36,4.37,4.29,4.3,4.37,-0.07,-1.6018,177323.0,76534.493
397,000671.SZ,20210827,4.36,4.4,4.35,4.37,4.37,0.0,0.0,128879.96,56282.551
398,000671.SZ,20210826,4.38,4.41,4.33,4.37,4.34,0.03,0.6912,187067.18,81626.43
399,000671.SZ,20210825,4.32,4.35,4.27,4.34,4.32,0.02,0.463,142650.13,61383.423
400,000671.SZ,20210824,4.38,4.42,4.31,4.32,4.39,-0.07,-1.5945,210696.97,91630.47
401,000671.SZ,20210823,4.47,4.5,4.38,4.39,4.48,-0.09,-2.0089,180314.0,79649.72
402,000671.SZ,20210820,4.54,4.57,4.44,4.48,4.54,-0.06,-1.3216,137849.75,61783.227
403,000671.SZ,20210819,4.55,4.59,4.49,4.54,4.59,-0.05,-1.0893,166450.28,75504.955
404,000671.SZ,20210818,4.52,4.6,4.47,4.59,4.54,0.05,1.1013,214041.9,97207.769
405,000671.SZ,20210817,4.51,4.79,4.49,4.54,4.53,0.01,0.2208,392687.22,182097.286
406,000671.SZ,20210816,4.5,4.58,4.47,4.53,4.49,0.04,0.8909,155477.5,70550.469
407,000671.SZ,20210813,4.56,4.57,4.47,4.49,4.6,-0.11,-2.3913,283699.36,128237.221
408,000671.SZ,20210812,4.72,4.73,4.55,4.6,4.65,-0.05,-1.0753,297777.91,137128.86
409,000671.SZ,20210811,4.53,4.9,4.53,4.65,4.5,0.15,3.3333,719641.04,341530.44
410,000671.SZ,20210810,4.54,4.54,4.45,4.5,4.55,-0.05,-1.0989,208652.58,93408.887
411,000671.SZ,20210809,4.45,4.72,4.43,4.55,4.5,0.05,1.1111,456675.82,209421.727
412,000671.SZ,20210806,4.49,4.56,4.38,4.5,4.52,-0.02,-0.4425,286591.64,128359.208
413,000671.SZ,20210805,4.42,4.65,4.4,4.52,4.36,0.16,3.6697,408704.93,184518.478
414,000671.SZ,20210804,4.37,4.37,4.33,4.36,4.37,-0.01,-0.2288,84363.63,36731.815
415,000671.SZ,20210803,4.38,4.42,4.34,4.37,4.38,-0.01,-0.2283,93655.76,40880.84
416,000671.SZ,20210802,4.36,4.43,4.29,4.38,4.37,0.01,0.2288,156734.86,68457.966
417,000671.SZ,20210730,4.31,4.4,4.26,4.37,4.35,0.02,0.4598,149256.92,65067.308
418,000671.SZ,20210729,4.32,4.35,4.25,4.35,4.32,0.03,0.6944,134617.4,57863.035
419,000671.SZ,20210728,4.29,4.35,4.2,4.32,4.34,-0.02,-0.4608,192957.78,82679.317
420,000671.SZ,20210727,4.42,4.45,4.19,4.34,4.42,-0.08,-1.81,348213.51,148807.087
421,000671.SZ,20210726,4.63,4.63,4.4,4.42,4.67,-0.25,-5.3533,196934.6,88441.427
422,000671.SZ,20210723,4.71,4.72,4.65,4.67,4.73,-0.06,-1.2685,107481.05,50364.859
423,000671.SZ,20210722,4.68,4.75,4.65,4.73,4.67,0.06,1.2848,69873.62,32938.042
424,000671.SZ,20210721,4.73,4.75,4.65,4.67,4.74,-0.07,-1.4768,72814.23,34115.758
425,000671.SZ,20210720,4.71,4.75,4.65,4.74,4.75,-0.01,-0.2105,136236.68,63958.062
426,000671.SZ,20210719,4.79,4.79,4.69,4.75,4.78,-0.03,-0.6276,125743.89,59376.747
427,000671.SZ,20210716,4.8,4.84,4.77,4.78,4.78,0.0,0.0,72526.77,34804.253
428,000671.SZ,20210715,4.73,4.84,4.72,4.78,4.75,0.03,0.6316,138188.09,66111.41
429,000671.SZ,20210714,4.76,4.76,4.7,4.75,4.76,-0.01,-0.2101,134132.47,63381.148
430,000671.SZ,20210713,4.77,4.84,4.71,4.76,4.79,-0.03,-0.6263,187318.74,89419.726
431,000671.SZ,20210712,4.81,4.84,4.73,4.79,4.79,0.0,0.0,136997.61,65293.57
432,000671.SZ,20210709,4.79,4.82,4.76,4.79,4.81,-0.02,-0.4158,108437.99,51845.144
433,000671.SZ,20210708,4.93,4.94,4.77,4.81,4.91,-0.1,-2.0367,145969.23,70274.211
434,000671.SZ,20210707,4.98,5.03,4.87,4.91,5.0,-0.09,-1.8,127699.95,63083.925
435,000671.SZ,20210706,4.9,5.08,4.85,5.0,4.92,0.08,1.626,218224.02,108781.496
436,000671.SZ,20210705,4.9,4.99,4.74,4.92,4.89,0.03,0.6135,254773.79,124155.825
437,000671.SZ,20210702,5.29,5.3,5.22,5.27,5.27,0.0,0.0,156939.89,82471.371
438,000671.SZ,20210701,5.21,5.3,5.16,5.27,5.2,0.07,1.3462,160813.2,84324.549
439,000671.SZ,20210630,5.28,5.31,5.18,5.2,5.29,-0.09,-1.7013,110979.7,58160.164
440,000671.SZ,20210629,5.21,5.3,5.2,5.29,5.26,0.03,0.5703,142914.3,75177.16
441,000671.SZ,20210628,5.31,5.33,5.23,5.26,5.22,0.04,0.7663,161418.11,84894.822
442,000671.SZ,20210625,5.22,5.23,5.18,5.22,5.21,0.01,0.1919,102879.47,53608.39
443,000671.SZ,20210624,5.18,5.24,5.14,5.21,5.2,0.01,0.1923,145462.09,75597.067
444,000671.SZ,20210623,5.09,5.22,5.06,5.2,5.08,0.12,2.3622,190444.17,97864.209
445,000671.SZ,20210622,5.05,5.12,5.04,5.08,5.04,0.04,0.7937,188531.71,95817.445
446,000671.SZ,20210621,5.05,5.06,5.02,5.04,5.06,-0.02,-0.3953,158357.83,79825.147
447,000671.SZ,20210618,5.13,5.14,5.06,5.06,5.15,-0.09,-1.7476,231024.66,117589.05
448,000671.SZ,20210617,5.15,5.17,5.13,5.15,5.15,0.0,0.0,197311.63,101728.89
449,000671.SZ,20210616,5.12,5.19,5.1,5.15,5.12,0.03,0.5859,158409.77,81667.037
450,000671.SZ,20210615,5.21,5.24,5.1,5.12,5.23,-0.11,-2.1033,234798.19,120539.413
451,000671.SZ,20210611,5.24,5.27,5.21,5.23,5.22,0.01,0.1916,312295.55,163745.077
452,000671.SZ,20210610,5.24,5.27,5.2,5.22,5.26,-0.04,-0.7605,173118.5,90712.137
453,000671.SZ,20210609,5.32,5.33,5.24,5.26,5.32,-0.06,-1.1278,192467.19,101332.911
454,000671.SZ,20210608,5.3,5.34,5.25,5.32,5.34,-0.02,-0.3745,212101.2,112203.816
455,000671.SZ,20210607,5.51,5.51,5.22,5.34,5.51,-0.17,-3.0853,474445.38,252956.97
456,000671.SZ,20210604,5.51,5.53,5.49,5.51,5.51,0.0,0.0,137944.14,76008.224
457,000671.SZ,20210603,5.53,5.55,5.51,5.51,5.53,-0.02,-0.3617,142328.28,78639.436
458,000671.SZ,20210602,5.52,5.55,5.49,5.53,5.52,0.01,0.1812,205890.29,113593.394
459,000671.SZ,20210601,5.58,5.59,5.5,5.52,5.57,-0.05,-0.8977,201999.92,111561.518
460,000671.SZ,20210531,5.59,5.59,5.52,5.57,5.58,-0.01,-0.1792,178431.11,98994.952
461,000671.SZ,20210528,5.62,5.64,5.57,5.58,5.64,-0.06,-1.0638,239852.0,134159.581
462,000671.SZ,20210527,5.64,5.64,5.59,5.64,5.63,0.01,0.1776,234927.5,131775.131
463,000671.SZ,20210526,5.58,5.67,5.56,5.63,5.57,0.06,1.0772,235573.18,132491.833
464,000671.SZ,20210525,5.54,5.58,5.49,5.57,5.54,0.03,0.5415,205333.63,113768.341
465,000671.SZ,20210524,5.52,5.54,5.5,5.54,5.53,0.01,0.1808,162351.21,89630.31
466,000671.SZ,20210521,5.55,5.57,5.52,5.53,5.55,-0.02,-0.3604,190506.14,105510.901
467,000671.SZ,20210520,5.62,5.62,5.53,5.55,5.62,-0.07,-1.2456,226550.65,125803.465
468,000671.SZ,20210519,5.68,5.68,5.6,5.62,5.72,-0.1,-1.7483,214600.97,120806.211
469,000671.SZ,20210518,5.6,5.75,5.56,5.72,5.61,0.11,1.9608,418053.13,236106.711
470,000671.SZ,20210517,5.62,5.7,5.58,5.61,5.61,0.0,0.0,192887.44,108627.199
471,000671.SZ,20210514,5.59,5.62,5.56,5.61,5.59,0.02,0.3578,152068.25,85035.926
472,000671.SZ,20210513,5.51,5.61,5.5,5.59,5.55,0.04,0.7207,136735.55,76151.486
473,000671.SZ,20210512,5.6,5.63,5.51,5.55,5.62,-0.07,-1.2456,269654.58,149836.289
474,000671.SZ,20210511,5.58,5.66,5.54,5.62,5.59,0.03,0.5367,190022.53,106432.826
475,000671.SZ,20210510,5.65,5.66,5.56,5.59,5.65,-0.06,-1.0619,152843.74,85536.731
476,000671.SZ,20210507,5.65,5.73,5.61,5.65,5.68,-0.03,-0.5282,194813.71,110463.259
477,000671.SZ,20210506,5.69,5.76,5.61,5.68,5.73,-0.05,-0.8726,285586.05,161926.834
478,000671.SZ,20210430,5.71,5.76,5.51,5.73,5.74,-0.01,-0.1742,505416.78,284483.076
479,000671.SZ,20210429,5.88,5.89,5.68,5.74,5.85,-0.11,-1.8803,434885.98,250809.058
480,000671.SZ,20210428,5.92,5.97,5.83,5.85,5.96,-0.11,-1.8456,299467.05,176388.305
481,000671.SZ,20210427,6.15,6.15,5.94,5.96,6.12,-0.16,-2.6144,381292.19,229225.784
482,000671.SZ,20210426,6.16,6.19,6.11,6.12,6.18,-0.06,-0.9709,178432.15,109591.272
483,000671.SZ,20210423,6.24,6.25,6.16,6.18,6.26,-0.08,-1.278,141444.0,87657.451
484,000671.SZ,20210422,6.27,6.34,6.25,6.26,6.28,-0.02,-0.3185,128303.59,80630.092
485,000671.SZ,20210421,6.27,6.34,6.23,6.28,6.29,-0.01,-0.159,173801.45,109377.514
486,000671.SZ,20210420,6.29,6.36,6.28,6.29,6.32,-0.03,-0.4747,160315.75,101118.297
487,000671.SZ,20210419,6.36,6.38,6.24,6.32,6.35,-0.03,-0.4724,315541.89,198804.834
488,000671.SZ,20210416,6.34,6.41,6.29,6.35,6.29,0.06,0.9539,248461.5,157681.292
489,000671.SZ,20210415,6.23,6.37,6.2,6.29,6.17,0.12,1.9449,517873.0,325086.659
490,000671.SZ,20210414,6.15,6.2,6.13,6.17,6.15,0.02,0.3252,95648.5,59042.664
491,000671.SZ,20210413,6.28,6.32,6.13,6.15,6.34,-0.19,-2.9968,234027.96,144518.495
492,000671.SZ,20210412,6.22,6.49,6.18,6.34,6.22,0.12,1.9293,382306.96,242338.172
493,000671.SZ,20210409,6.22,6.26,6.15,6.22,6.25,-0.03,-0.48,172023.8,106602.312
494,000671.SZ,20210408,6.29,6.29,6.21,6.25,6.28,-0.03,-0.4777,132772.25,82935.272
495,000671.SZ,20210407,6.21,6.29,6.18,6.28,6.18,0.1,1.6181,205301.71,128227.297
496,000671.SZ,20210406,6.24,6.24,6.15,6.18,6.18,0.0,0.0,142407.55,88038.038
497,000671.SZ,20210402,6.15,6.19,6.13,6.18,6.17,0.01,0.1621,163284.42,100595.433
498,000671.SZ,20210401,6.09,6.2,6.07,6.17,6.08,0.09,1.4803,180864.27,111391.505
499,000671.SZ,20210331,6.07,6.1,6.04,6.08,6.08,0.0,0.0,147496.75,89543.884
500,000671.SZ,20210330,6.1,6.12,6.03,6.08,6.08,0.0,0.0,201403.12,122237.83
501,000671.SZ,20210329,6.15,6.15,6.06,6.08,6.15,-0.07,-1.1382,238951.9,145489.026
502,000671.SZ,20210326,6.14,6.18,6.12,6.15,6.14,0.01,0.1629,133425.13,82041.555
503,000671.SZ,20210325,6.15,6.19,6.11,6.14,6.18,-0.04,-0.6472,162565.12,99895.718
504,000671.SZ,20210324,6.26,6.27,6.13,6.18,6.28,-0.1,-1.5924,264242.56,163088.845
505,000671.SZ,20210323,6.28,6.36,6.19,6.28,6.27,0.01,0.1595,297262.3,185852.291
506,000671.SZ,20210322,6.27,6.33,6.23,6.27,6.25,0.02,0.32,212679.75,133634.029
507,000671.SZ,20210319,6.4,6.41,6.22,6.25,6.45,-0.2,-3.1008,274631.43,172955.651
508,000671.SZ,20210318,6.35,6.5,6.33,6.45,6.38,0.07,1.0972,211815.8,136290.267
509,000671.SZ,20210317,6.43,6.46,6.34,6.38,6.43,-0.05,-0.7776,248119.3,158470.708
510,000671.SZ,20210316,6.17,6.52,6.16,6.43,6.16,0.27,4.3831,538195.13,342832.678
511,000671.SZ,20210315,6.22,6.31,6.06,6.16,6.23,-0.07,-1.1236,446492.75,276243.973
512,000671.SZ,20210312,6.15,6.32,6.1,6.23,6.14,0.09,1.4658,237953.48,147455.984
513,000671.SZ,20210311,6.07,6.22,6.07,6.14,6.07,0.07,1.1532,278924.37,171204.573
514,000671.SZ,20210310,6.15,6.24,6.03,6.07,6.15,-0.08,-1.3008,249336.48,151800.054
515,000671.SZ,20210309,6.3,6.38,6.13,6.15,6.31,-0.16,-2.5357,296240.58,184450.057
516,000671.SZ,20210308,6.37,6.44,6.29,6.31,6.33,-0.02,-0.316,197451.55,125476.661
517,000671.SZ,20210305,6.29,6.48,6.27,6.33,6.32,0.01,0.1582,272213.19,172695.759
518,000671.SZ,20210304,6.36,6.44,6.29,6.32,6.38,-0.06,-0.9404,208626.5,132941.548
519,000671.SZ,20210303,6.28,6.4,6.26,6.38,6.32,0.06,0.9494,257915.22,163563.855
520,000671.SZ,20210302,6.41,6.56,6.31,6.32,6.43,-0.11,-1.7107,326801.36,209099.7
521,000671.SZ,20210301,6.39,6.47,6.3,6.43,6.37,0.06,0.9419,355031.47,226884.018
522,000671.SZ,20210226,6.59,6.63,6.35,6.37,6.71,-0.34,-5.0671,491970.09,318267.873
523,000671.SZ,20210225,6.4,6.95,6.33,6.71,6.33,0.38,6.0032,810916.72,545663.227
524,000671.SZ,20210224,6.3,6.42,6.29,6.33,6.29,0.04,0.6359,205829.73,130918.884
525,000671.SZ,20210223,6.38,6.43,6.28,6.29,6.39,-0.1,-1.5649,233075.92,147345.95
526,000671.SZ,20210222,6.35,6.46,6.33,6.39,6.36,0.03,0.4717,307242.61,196904.479
527,000671.SZ,20210219,6.29,6.41,6.26,6.36,6.27,0.09,1.4354,272151.36,172675.077
528,000671.SZ,20210218,6.09,6.29,6.08,6.27,6.03,0.24,3.9801,228714.28,141709.064
529,000671.SZ,20210210,6.08,6.12,6.03,6.03,6.08,-0.05,-0.8224,133697.6,80918.619
530,000671.SZ,20210209,6.06,6.09,5.96,6.08,6.06,0.02,0.33,154638.87,93347.69
531,000671.SZ,20210208,6.06,6.18,6.01,6.06,6.05,0.01,0.1653,208187.19,126906.543
532,000671.SZ,20210205,6.0,6.15,5.96,6.05,5.96,0.09,1.5101,285363.12,172502.183
533,000671.SZ,20210204,6.06,6.12,5.96,5.96,6.09,-0.13,-2.1346,265192.27,159543.432
534,000671.SZ,20210203,6.07,6.12,5.98,6.09,6.08,0.01,0.1645,205904.32,124425.306
535,000671.SZ,20210202,6.11,6.15,6.03,6.08,6.08,0.0,0.0,225728.02,137050.495
536,000671.SZ,20210201,6.04,6.15,6.01,6.08,6.06,0.02,0.33,215475.85,131045.697
537,000671.SZ,20210129,6.1,6.16,6.04,6.06,6.06,0.0,0.0,200377.76,122276.791
538,000671.SZ,20210128,6.17,6.17,6.0,6.06,6.18,-0.12,-1.9417,254383.08,154249.299
539,000671.SZ,20210127,6.2,6.3,6.14,6.18,6.2,-0.02,-0.3226,233922.17,145188.242
540,000671.SZ,20210126,6.27,6.34,6.18,6.2,6.33,-0.13,-2.0537,237699.88,148316.737
541,000671.SZ,20210125,6.42,6.45,6.31,6.33,6.48,-0.15,-2.3148,240404.34,152380.785
542,000671.SZ,20210122,6.51,6.54,6.34,6.48,6.47,0.01,0.1546,252751.58,162439.847
543,000671.SZ,20210121,6.6,6.62,6.43,6.47,6.63,-0.16,-2.4133,359035.18,233372.989
544,000671.SZ,20210120,6.67,6.68,6.53,6.63,6.7,-0.07,-1.0448,321166.32,212398.846
545,000671.SZ,20210119,6.53,6.88,6.4,6.7,6.62,0.08,1.2085,559649.17,373478.678
546,000671.SZ,20210118,6.44,6.67,6.38,6.62,6.25,0.37,5.92,735733.38,481369.193
547,000671.SZ,20210115,6.23,6.39,6.2,6.25,6.27,-0.02,-0.319,267548.32,168317.407
548,000671.SZ,20210114,6.22,6.41,6.21,6.27,6.27,0.0,0.0,268108.45,168210.959
549,000671.SZ,20210113,6.23,6.29,6.14,6.27,6.25,0.02,0.32,242066.39,150412.638
550,000671.SZ,20210112,6.23,6.29,6.11,6.25,6.23,0.02,0.321,193070.22,119798.844
551,000671.SZ,20210111,6.4,6.47,6.2,6.23,6.39,-0.16,-2.5039,245560.71,154798.077
552,000671.SZ,20210108,6.18,6.48,6.17,6.39,6.25,0.14,2.24,286908.57,182566.751
553,000671.SZ,20210107,6.31,6.45,6.11,6.25,6.34,-0.09,-1.4196,302383.11,189025.481
554,000671.SZ,20210106,6.29,6.41,6.23,6.34,6.29,0.05,0.7949,278996.7,176843.156
555,000671.SZ,20210105,6.25,6.3,6.1,6.29,6.27,0.02,0.319,241090.46,149146.699
556,000671.SZ,20210104,6.45,6.46,6.12,6.27,6.52,-0.25,-3.8344,426493.35,267692.15
557,000671.SZ,20201231,6.38,6.55,6.35,6.52,6.41,0.11,1.7161,221687.34,143663.802
558,000671.SZ,20201230,6.5,6.54,6.35,6.41,6.43,-0.02,-0.311,195170.84,125191.85
559,000671.SZ,20201229,6.37,6.49,6.35,6.43,6.35,0.08,1.2598,172658.95,110838.497
560,000671.SZ,20201228,6.49,6.5,6.29,6.35,6.48,-0.13,-2.0062,297817.82,189565.667
561,000671.SZ,20201225,6.55,6.55,6.45,6.48,6.56,-0.08,-1.2195,202438.14,131324.137
562,000671.SZ,20201224,6.69,6.71,6.55,6.56,6.68,-0.12,-1.7964,170124.83,112654.175
563,000671.SZ,20201223,6.68,6.73,6.63,6.68,6.68,0.0,0.0,185936.34,123939.374
564,000671.SZ,20201222,6.7,6.78,6.65,6.68,6.71,-0.03,-0.4471,157488.9,105447.759
565,000671.SZ,20201221,6.69,6.79,6.62,6.71,6.72,-0.01,-0.1488,177342.34,119029.603
566,000671.SZ,20201218,6.79,6.8,6.71,6.72,6.78,-0.06,-0.885,103092.69,69488.178
567,000671.SZ,20201217,6.73,6.84,6.66,6.78,6.75,0.03,0.4444,177167.5,119393.488
568,000671.SZ,20201216,6.76,6.82,6.73,6.75,6.8,-0.05,-0.7353,123760.56,83688.316
569,000671.SZ,20201215,6.86,6.88,6.76,6.8,6.88,-0.08,-1.1628,131707.73,89434.302
570,000671.SZ,20201214,6.88,6.93,6.83,6.88,6.85,0.03,0.438,126922.12,87133.063
571,000671.SZ,20201211,6.93,6.93,6.76,6.85,6.9,-0.05,-0.7246,184309.25,125786.1
572,000671.SZ,20201210,6.84,6.92,6.83,6.9,6.88,0.02,0.2907,141837.28,97420.899
573,000671.SZ,20201209,6.96,6.96,6.86,6.88,6.93,-0.05,-0.7215,157055.29,108501.665
574,000671.SZ,20201208,6.99,7.02,6.91,6.93,6.96,-0.03,-0.431,267888.18,186397.233
575,000671.SZ,20201207,7.14,7.14,6.94,6.96,7.15,-0.19,-2.6573,367778.08,257580.034
576,000671.SZ,20201204,7.17,7.2,7.06,7.15,7.18,-0.03,-0.4178,283081.62,201319.551
577,000671.SZ,20201203,7.31,7.33,7.15,7.18,7.3,-0.12,-1.6438,221985.68,160107.39
578,000671.SZ,20201202,7.11,7.45,7.1,7.3,7.12,0.18,2.5281,444484.58,324613.565
579,000671.SZ,20201201,7.18,7.22,7.0,7.12,7.18,-0.06,-0.8357,302595.33,214153.99
580,000671.SZ,20201130,7.2,7.4,7.18,7.18,7.19,-0.01,-0.1391,311832.65,228073.35
581,000671.SZ,20201127,7.1,7.27,7.06,7.19,7.07,0.12,1.6973,286511.25,204932.004
582,000671.SZ,20201126,7.15,7.17,7.04,7.07,7.17,-0.1,-1.3947,270769.04,191964.132
583,000671.SZ,20201125,7.28,7.31,7.14,7.17,7.26,-0.09,-1.2397,296714.07,214000.545
584,000671.SZ,20201124,7.35,7.39,7.23,7.26,7.33,-0.07,-0.955,194935.05,142143.415
585,000671.SZ,20201123,7.35,7.46,7.29,7.33,7.33,0.0,0.0,226923.1,167128.018
586,000671.SZ,20201120,7.4,7.4,7.29,7.33,7.44,-0.11,-1.4785,158765.21,116539.447
587,000671.SZ,20201119,7.46,7.53,7.33,7.44,7.49,-0.05,-0.6676,222470.88,164671.945
588,000671.SZ,20201118,7.5,7.6,7.25,7.49,7.49,0.0,0.0,298021.05,222610.12
589,000671.SZ,20201117,7.41,7.63,7.38,7.49,7.4,0.09,1.2162,324547.86,243902.559
590,000671.SZ,20201116,7.21,7.44,7.07,7.4,7.21,0.19,2.6352,290273.54,210882.941
591,000671.SZ,20201113,7.32,7.33,7.17,7.21,7.39,-0.18,-2.4357,195073.41,140992.296
592,000671.SZ,20201112,7.49,7.5,7.33,7.39,7.43,-0.04,-0.5384,176979.45,130865.469
593,000671.SZ,20201111,7.1,7.51,7.1,7.43,7.14,0.29,4.0616,432879.28,318210.568
594,000671.SZ,20201110,7.24,7.33,7.1,7.14,7.23,-0.09,-1.2448,184327.2,132878.587
595,000671.SZ,20201109,7.28,7.29,7.18,7.23,7.23,0.0,0.0,234667.49,169462.069
596,000671.SZ,20201106,7.19,7.36,7.13,7.23,7.17,0.06,0.8368,282316.22,204700.593
597,000671.SZ,20201105,7.01,7.2,6.99,7.17,6.97,0.2,2.8694,273927.87,194579.18
598,000671.SZ,20201104,7.0,7.01,6.89,6.97,7.0,-0.03,-0.4286,122384.35,85071.409
599,000671.SZ,20201103,6.94,7.01,6.89,7.0,6.95,0.05,0.7194,169514.47,117989.74
600,000671.SZ,20201102,6.85,6.96,6.74,6.95,6.86,0.09,1.312,218388.72,149734.243
601,000671.SZ,20201030,7.04,7.11,6.81,6.86,7.03,-0.17,-2.4182,215968.66,149966.678
602,000671.SZ,20201029,6.99,7.05,6.96,7.03,7.02,0.01,0.1425,128444.91,89972.8
603,000671.SZ,20201028,7.03,7.07,6.97,7.02,7.07,-0.05,-0.7072,134530.96,94286.171
604,000671.SZ,20201027,7.1,7.11,6.97,7.07,7.12,-0.05,-0.7022,216055.35,151499.19
605,000671.SZ,20201026,7.12,7.2,7.07,7.12,7.14,-0.02,-0.2801,189837.06,135247.663
606,000671.SZ,20201023,7.11,7.18,7.05,7.14,7.12,0.02,0.2809,247546.46,176248.627
607,000671.SZ,20201022,7.02,7.19,7.01,7.12,7.06,0.06,0.8499,247654.89,176480.061
608,000671.SZ,20201021,7.03,7.09,6.96,7.06,7.08,-0.02,-0.2825,247430.5,173665.294
609,000671.SZ,20201020,7.13,7.14,6.97,7.08,7.13,-0.05,-0.7013,377070.97,264348.441
610,000671.SZ,20201019,7.1,7.34,7.05,7.13,7.1,0.03,0.4225,381316.35,274147.626
611,000671.SZ,20201016,7.08,7.18,7.03,7.1,7.11,-0.01,-0.1406,273828.64,194288.841
612,000671.SZ,20201015,7.07,7.2,7.05,7.11,7.06,0.05,0.7082,320249.08,228408.714
613,000671.SZ,20201014,7.1,7.1,7.01,7.06,7.12,-0.06,-0.8427,255259.05,180093.083
614,000671.SZ,20201013,7.18,7.19,7.05,7.12,7.21,-0.09,-1.2483,318844.4,226345.202
615,000671.SZ,20201012,7.13,7.25,7.06,7.21,7.13,0.08,1.122,480255.21,344630.671
616,000671.SZ,20201009,7.3,7.37,7.05,7.13,7.31,-0.18,-2.4624,524474.04,374299.891
617,000671.SZ,20200930,7.32,7.35,7.18,7.31,7.28,0.03,0.4121,276946.36,200807.612
618,000671.SZ,20200929,7.4,7.49,7.25,7.28,7.4,-0.12,-1.6216,493176.2,361245.372
619,000671.SZ,20200928,7.53,7.63,7.3,7.4,7.44,-0.04,-0.5376,339186.43,251608.735
620,000671.SZ,20200925,7.64,7.71,7.35,7.44,7.64,-0.2,-2.6178,368042.49,275765.899
621,000671.SZ,20200924,7.84,7.84,7.58,7.64,7.83,-0.19,-2.4266,289245.48,222447.154
622,000671.SZ,20200923,7.96,8.02,7.78,7.83,7.98,-0.15,-1.8797,275804.55,217048.509
623,000671.SZ,20200922,8.11,8.15,7.88,7.98,8.16,-0.18,-2.2059,337677.14,270758.323
624,000671.SZ,20200921,7.84,8.39,7.81,8.16,7.88,0.28,3.5533,716516.54,587712.448
625,000671.SZ,20200918,7.8,8.1,7.73,7.88,7.77,0.11,1.4157,653120.43,516012.283
626,000671.SZ,20200917,7.89,8.12,7.72,7.77,7.93,-0.16,-2.0177,451548.05,355575.775
627,000671.SZ,20200916,7.58,8.1,7.51,7.93,7.56,0.37,4.8942,796226.6,627958.86
628,000671.SZ,20200915,7.7,7.8,7.47,7.56,7.7,-0.14,-1.8182,641873.65,487463.66
629,000671.SZ,20200914,7.91,7.96,7.59,7.7,7.83,-0.13,-1.6603,1028315.64,799540.445
630,000671.SZ,20200911,7.9,8.29,7.35,7.83,8.17,-0.34,-4.1616,2094933.56,1649612.134
631,000671.SZ,20200910,8.0,8.17,7.81,8.17,7.43,0.74,9.9596,1010656.88,816478.252
632,000671.SZ,20200909,6.78,7.43,6.75,7.43,6.75,0.68,10.0741,1471598.52,1064201.49
633,000671.SZ,20200908,6.86,7.01,6.74,6.75,6.85,-0.1,-1.4599,732676.14,502296.397
634,000671.SZ,20200907,6.92,7.03,6.84,6.85,6.92,-0.07,-1.0116,242065.73,167927.178
635,000671.SZ,20200904,6.83,7.0,6.82,6.92,6.9,0.02,0.2899,218645.08,150857.674
636,000671.SZ,20200903,6.95,7.04,6.84,6.9,6.99,-0.09,-1.2876,382566.37,264541.166
637,000671.SZ,20200902,6.98,7.03,6.89,6.99,6.96,0.03,0.431,270916.93,188201.884
638,000671.SZ,20200901,7.08,7.09,6.91,6.96,7.05,-0.09,-1.2766,284738.0,198867.818
639,000671.SZ,20200831,7.06,7.39,7.01,7.05,7.08,-0.03,-0.4237,519322.47,375435.676
640,000671.SZ,20200828,6.96,7.13,6.94,7.08,6.95,0.13,1.8705,216813.1,153029.016
641,000671.SZ,20200827,7.01,7.05,6.91,6.95,6.97,-0.02,-0.2869,222362.83,154570.638
642,000671.SZ,20200826,7.14,7.16,6.92,6.97,7.11,-0.14,-1.9691,264823.56,186499.98
643,000671.SZ,20200825,7.2,7.39,7.07,7.11,7.15,-0.04,-0.5594,293254.59,211117.523
644,000671.SZ,20200824,7.32,7.38,7.15,7.15,7.33,-0.18,-2.4557,338438.49,244958.125
645,000671.SZ,20200821,7.49,7.53,7.28,7.33,7.48,-0.15,-2.0053,268923.42,198163.019
646,000671.SZ,20200820,7.5,7.6,7.41,7.48,7.47,0.01,0.1339,444821.95,332634.434
647,000671.SZ,20200819,7.42,7.63,7.25,7.47,7.42,0.05,0.6739,397390.81,295399.882
648,000671.SZ,20200818,7.4,7.48,7.35,7.42,7.42,0.0,0.0,349845.58,259234.265
649,000671.SZ,20200817,7.3,7.54,7.25,7.42,7.3,0.12,1.6438,492927.87,366467.518
650,000671.SZ,20200814,7.0,7.35,6.96,7.3,7.05,0.25,3.5461,496753.28,360003.457
651,000671.SZ,20200813,7.0,7.14,6.94,7.05,7.05,0.0,0.0,164090.93,115677.918
652,000671.SZ,20200812,7.0,7.08,6.87,7.05,6.97,0.08,1.1478,269610.09,188716.298
653,000671.SZ,20200811,7.17,7.21,6.97,6.97,7.23,-0.26,-3.5961,380614.66,269975.235
654,000671.SZ,20200810,6.79,7.32,6.74,7.23,6.77,0.46,6.7947,832470.53,586831.146
655,000671.SZ,20200807,6.88,6.89,6.74,6.77,6.9,-0.13,-1.8841,296932.51,201948.181
656,000671.SZ,20200806,6.93,6.99,6.84,6.9,6.92,-0.02,-0.289,250701.89,172567.835
657,000671.SZ,20200805,7.03,7.03,6.87,6.92,7.07,-0.15,-2.1216,303596.47,209758.133
658,000671.SZ,20200804,7.04,7.12,6.86,7.07,7.01,0.06,0.8559,462121.51,323854.025
659,000671.SZ,20200803,7.0,7.08,6.93,7.01,6.93,0.08,1.1544,335064.09,234213.493
660,000671.SZ,20200731,6.9,7.02,6.83,6.93,6.9,0.03,0.4348,213505.36,147559.672
661,000671.SZ,20200730,7.03,7.03,6.86,6.9,7.01,-0.11,-1.5692,239311.66,165484.761
662,000671.SZ,20200729,6.96,7.05,6.91,7.01,6.97,0.04,0.5739,179697.09,125441.738
663,000671.SZ,20200728,6.85,7.02,6.82,6.97,6.85,0.12,1.7518,243024.02,167699.374
664,000671.SZ,20200727,6.99,7.0,6.76,6.85,6.97,-0.12,-1.7217,264134.12,179978.031
665,000671.SZ,20200724,7.07,7.16,6.87,6.97,7.06,-0.09,-1.2748,338350.34,236857.053
666,000671.SZ,20200723,7.12,7.16,6.95,7.06,7.22,-0.16,-2.2161,339647.36,239093.931
667,000671.SZ,20200722,7.22,7.38,7.13,7.22,7.27,-0.05,-0.6878,392539.82,284022.582
668,000671.SZ,20200721,7.4,7.44,7.18,7.27,7.41,-0.14,-1.8893,419259.38,304494.413
669,000671.SZ,20200720,7.33,7.44,7.13,7.41,7.5,-0.09,-1.2,817162.6,596432.028
670,000671.SZ,20200717,7.09,7.54,6.93,7.5,7.07,0.43,6.082,614565.22,442851.551
671,000671.SZ,20200716,7.18,7.32,7.06,7.07,7.18,-0.11,-1.532,387390.33,278857.441
672,000671.SZ,20200715,7.45,7.55,7.16,7.18,7.35,-0.17,-2.3129,410209.38,299958.029
673,000671.SZ,20200714,7.49,7.55,7.24,7.35,7.46,-0.11,-1.4745,342126.24,252335.301
674,000671.SZ,20200713,7.38,7.53,7.24,7.46,7.41,0.05,0.6748,500785.58,370104.55
675,000671.SZ,20200710,7.6,7.66,7.37,7.41,7.65,-0.24,-3.1373,487352.86,366123.665
676,000671.SZ,20200709,7.67,7.71,7.47,7.65,7.66,-0.01,-0.1305,583008.07,442566.446
677,000671.SZ,20200708,7.65,7.68,7.49,7.66,7.6,0.06,0.7895,466224.57,353826.685
678,000671.SZ,20200707,7.99,8.13,7.59,7.6,7.92,-0.32,-4.0404,705530.02,544156.452
679,000671.SZ,20200706,7.61,7.95,7.59,7.92,7.46,0.46,6.1662,769203.4,599261.014
680,000671.SZ,20200703,7.32,7.59,7.27,7.46,7.35,0.11,1.4966,574171.94,425254.153
681,000671.SZ,20200702,7.1,7.56,7.07,7.35,6.97,0.38,5.4519,1051345.84,766784.973
682,000671.SZ,20200701,6.39,6.97,6.34,6.97,6.34,0.63,9.9369,1086014.26,737521.681
683,000671.SZ,20200630,6.38,6.38,6.27,6.34,6.36,-0.02,-0.3145,358218.03,226371.727
684,000671.SZ,20200629,6.52,6.52,6.23,6.36,6.56,-0.2,-3.0488,470135.42,297436.154
685,000671.SZ,20200624,6.45,6.58,6.39,6.56,6.43,0.13,2.0218,309102.04,201733.389
686,000671.SZ,20200623,6.5,6.5,6.37,6.43,6.48,-0.05,-0.7716,268758.82,172688.85
687,000671.SZ,20200622,6.56,6.59,6.45,6.48,6.6,-0.12,-1.8182,200541.42,130469.519
688,000671.SZ,20200619,6.63,6.63,6.49,6.6,6.57,0.03,0.4566,162672.89,106816.464
689,000671.SZ,20200618,6.46,6.66,6.45,6.57,6.45,0.12,1.8605,208983.84,137334.836
690,000671.SZ,20200617,6.51,6.51,6.42,6.45,6.52,-0.07,-1.0736,126191.51,81392.41
691,000671.SZ,20200616,6.52,6.6,6.47,6.52,6.48,0.04,0.6173,136408.09,88954.764
692,000671.SZ,20200615,6.55,6.64,6.48,6.48,6.54,-0.06,-0.9174,132990.37,87066.93
693,000671.SZ,20200612,6.42,6.57,6.39,6.54,6.46,0.08,1.2384,141425.6,91747.396
694,000671.SZ,20200611,6.77,6.83,6.63,6.66,6.78,-0.12,-1.7699,170357.63,114320.549
695,000671.SZ,20200610,6.85,6.86,6.76,6.78,6.84,-0.06,-0.8772,108108.65,73413.746
696,000671.SZ,20200609,6.89,6.89,6.8,6.84,6.86,-0.02,-0.2915,133893.78,91563.885
697,000671.SZ,20200608,6.83,6.9,6.75,6.86,6.75,0.11,1.6296,271306.8,185664.589
698,000671.SZ,20200605,6.83,6.84,6.71,6.75,6.79,-0.04,-0.5891,173073.45,116969.125
699,000671.SZ,20200604,6.9,6.91,6.75,6.79,6.84,-0.05,-0.731,193095.98,131333.159
700,000671.SZ,20200603,6.92,7.13,6.83,6.84,6.91,-0.07,-1.013,242191.48,168820.055
701,000671.SZ,20200602,6.76,6.92,6.72,6.91,6.73,0.18,2.6746,313747.96,214542.926
702,000671.SZ,20200601,6.52,6.75,6.52,6.73,6.49,0.24,3.698,255706.8,170188.752
703,000671.SZ,20200529,6.62,6.63,6.48,6.49,6.63,-0.14,-2.1116,236888.79,154906.47
704,000671.SZ,20200528,6.69,6.84,6.59,6.63,6.68,-0.05,-0.7485,200577.91,134370.265
705,000671.SZ,20200527,6.64,6.84,6.6,6.68,6.66,0.02,0.3003,260760.87,175634.461
706,000671.SZ,20200526,6.61,6.66,6.45,6.66,6.58,0.08,1.2158,323700.0,211863.92
707,000671.SZ,20200525,6.58,6.7,6.49,6.58,6.56,0.02,0.3049,160274.56,105679.666
708,000671.SZ,20200522,6.77,6.77,6.54,6.56,6.77,-0.21,-3.1019,205936.07,136769.318
709,000671.SZ,20200521,6.79,6.82,6.72,6.77,6.79,-0.02,-0.2946,114665.95,77683.648
710,000671.SZ,20200520,6.9,6.91,6.76,6.79,6.92,-0.13,-1.8786,169057.85,115092.084
711,000671.SZ,20200519,7.08,7.09,6.86,6.92,7.03,-0.11,-1.5647,257148.17,178388.638
712,000671.SZ,20200518,6.76,7.1,6.71,7.03,6.72,0.31,4.6131,446050.16,311543.078
713,000671.SZ,20200515,6.76,6.82,6.69,6.72,6.74,-0.02,-0.2967,172397.43,116466.437
714,000671.SZ,20200514,6.86,6.86,6.72,6.74,6.86,-0.12,-1.7493,152271.94,102996.903
715,000671.SZ,20200513,6.83,6.93,6.76,6.86,6.87,-0.01,-0.1456,176525.78,120746.352
716,000671.SZ,20200512,7.11,7.12,6.85,6.87,7.03,-0.16,-2.276,281174.5,194120.322
717,000671.SZ,20200511,6.87,7.18,6.85,7.03,6.9,0.13,1.8841,410875.6,289503.46
718,000671.SZ,20200508,6.74,6.97,6.67,6.9,6.74,0.16,2.3739,363359.17,247965.728
719,000671.SZ,20200507,6.83,6.9,6.65,6.74,6.86,-0.12,-1.7493,252480.7,171088.516
720,000671.SZ,20200506,6.88,6.93,6.77,6.86,6.99,-0.13,-1.8598,249186.44,170020.345
721,000671.SZ,20200430,7.03,7.03,6.92,6.99,6.97,0.02,0.2869,179928.57,125420.458
722,000671.SZ,20200429,6.87,7.02,6.79,6.97,6.85,0.12,1.7518,205966.14,142614.427
723,000671.SZ,20200428,6.79,6.91,6.62,6.85,6.76,0.09,1.3314,291444.7,197877.259
724,000671.SZ,20200427,6.7,6.92,6.67,6.76,6.66,0.1,1.5015,193971.71,132341.629
725,000671.SZ,20200424,6.82,6.82,6.62,6.66,6.8,-0.14,-2.0588,147912.17,98804.807
726,000671.SZ,20200423,6.83,7.0,6.73,6.8,6.82,-0.02,-0.2933,193938.7,132789.917
727,000671.SZ,20200422,6.77,6.85,6.62,6.82,6.77,0.05,0.7386,155840.71,104753.381
728,000671.SZ,20200421,6.89,6.96,6.7,6.77,6.93,-0.16,-2.3088,188429.14,127598.206
729,000671.SZ,20200420,7.12,7.12,6.89,6.93,7.11,-0.18,-2.5316,210781.83,146362.953
730,000671.SZ,20200417,7.09,7.21,7.05,7.11,7.07,0.04,0.5658,129590.88,92472.582
731,000671.SZ,20200416,7.12,7.2,7.03,7.07,7.12,-0.05,-0.7022,106256.24,75350.524
732,000671.SZ,20200415,7.26,7.32,7.1,7.12,7.3,-0.18,-2.4658,95161.35,68219.603
733,000671.SZ,20200414,7.04,7.35,7.0,7.3,7.04,0.26,3.6932,234265.8,169580.804
734,000671.SZ,20200413,6.82,7.09,6.82,7.04,6.89,0.15,2.1771,165439.33,115872.013
735,000671.SZ,20200410,6.99,7.1,6.85,6.89,6.95,-0.06,-0.8633,128773.79,89762.576
736,000671.SZ,20200409,7.06,7.1,6.94,6.95,7.06,-0.11,-1.5581,120649.53,84386.85
737,000671.SZ,20200408,7.01,7.09,6.94,7.06,7.1,-0.04,-0.5634,134875.51,94539.665
738,000671.SZ,20200407,7.15,7.21,7.03,7.1,7.01,0.09,1.2839,214065.38,151929.323
739,000671.SZ,20200403,7.09,7.14,6.9,7.01,7.05,-0.04,-0.5674,134140.75,93943.181
740,000671.SZ,20200402,6.87,7.07,6.84,7.05,6.93,0.12,1.7316,141659.05,98806.516
741,000671.SZ,20200401,6.99,7.2,6.92,6.93,6.99,-0.06,-0.8584,157565.32,110819.536
742,000671.SZ,20200331,7.22,7.29,6.86,6.99,7.15,-0.16,-2.2378,235186.62,165635.953
743,000671.SZ,20200330,6.99,7.23,6.91,7.15,7.05,0.1,1.4184,356037.31,254106.348
744,000671.SZ,20200327,6.99,7.31,6.87,7.05,6.86,0.19,2.7697,416501.44,295268.337
745,000671.SZ,20200326,6.88,7.0,6.75,6.86,6.98,-0.12,-1.7192,281984.58,193171.239
746,000671.SZ,20200325,6.59,7.02,6.53,6.98,6.45,0.53,8.2171,463002.37,313398.767
747,000671.SZ,20200324,6.47,6.54,6.26,6.45,6.36,0.09,1.4151,316927.75,202685.735
748,000671.SZ,20200323,6.4,6.49,6.3,6.36,6.71,-0.35,-5.2161,237882.33,152466.249
749,000671.SZ,20200320,6.52,6.72,6.48,6.71,6.43,0.28,4.3546,266049.26,175950.832
750,000671.SZ,20200319,6.61,6.74,6.29,6.43,6.68,-0.25,-3.7425,408063.57,263236.824
751,000671.SZ,20200318,6.99,7.13,6.62,6.68,6.98,-0.3,-4.298,250081.61,171818.955
752,000671.SZ,20200317,6.9,7.04,6.55,6.98,6.88,0.1,1.4535,346309.03,236128.716
753,000671.SZ,20200316,7.16,7.19,6.74,6.88,7.12,-0.24,-3.3708,332040.67,231571.376
754,000671.SZ,20200313,6.82,7.22,6.74,7.12,7.27,-0.15,-2.0633,296758.0,207385.891
755,000671.SZ,20200312,7.34,7.52,7.24,7.27,7.4,-0.13,-1.7568,271791.91,199161.1
756,000671.SZ,20200311,7.65,7.66,7.39,7.4,7.61,-0.21,-2.7595,272364.47,204692.193
757,000671.SZ,20200310,7.51,7.76,7.36,7.61,7.51,0.1,1.3316,354246.49,267469.461
758,000671.SZ,20200309,7.8,7.8,7.45,7.51,7.98,-0.47,-5.8897,528057.64,400689.845
759,000671.SZ,20200306,8.17,8.23,7.95,7.98,8.32,-0.34,-4.0865,317632.64,255271.536
760,000671.SZ,20200305,8.11,8.5,8.08,8.32,8.35,-0.03,-0.3593,470063.02,390803.768
761,000671.SZ,20200304,7.94,8.38,7.86,8.35,7.99,0.36,4.5056,614244.18,502603.415
762,000671.SZ,20200303,8.18,8.26,7.81,7.99,8.15,-0.16,-1.9632,446981.9,354885.121
763,000671.SZ,20200302,8.01,8.33,8.01,8.15,8.01,0.14,1.7478,554012.89,454735.065
764,000671.SZ,20200228,7.68,8.25,7.61,8.01,7.87,0.14,1.7789,546533.05,437174.499
765,000671.SZ,20200227,8.03,8.09,7.79,7.87,8.02,-0.15,-1.8703,335922.18,266059.039
766,000671.SZ,20200226,7.65,8.28,7.62,8.02,7.74,0.28,3.6176,613929.84,494996.654
767,000671.SZ,20200225,7.23,7.95,7.19,7.74,7.35,0.39,5.3061,669629.68,514994.15
768,000671.SZ,20200224,7.47,7.47,7.17,7.35,7.52,-0.17,-2.2606,410422.13,299240.742
769,000671.SZ,20200221,7.68,7.71,7.47,7.52,7.75,-0.23,-2.9677,310678.86,234699.095
770,000671.SZ,20200220,7.59,7.78,7.44,7.75,7.66,0.09,1.1749,453245.61,344446.213
771,000671.SZ,20200219,7.55,7.72,7.54,7.66,7.63,0.03,0.3932,269600.07,205884.993
772,000671.SZ,20200218,7.62,7.71,7.42,7.63,7.71,-0.08,-1.0376,402151.9,303528.542
773,000671.SZ,20200217,7.9,7.9,7.53,7.71,7.68,0.03,0.3906,482225.81,369768.969
774,000671.SZ,20200214,7.1,7.82,7.06,7.68,7.12,0.56,7.8652,744716.4,561479.611
775,000671.SZ,20200213,7.15,7.35,7.08,7.12,6.93,0.19,2.7417,595210.22,429697.889
776,000671.SZ,20200212,6.96,7.02,6.88,6.93,7.04,-0.11,-1.5625,277629.28,192283.808
777,000671.SZ,20200211,6.77,7.15,6.77,7.04,6.77,0.27,3.9882,494731.3,348025.44
778,000671.SZ,20200210,6.6,6.86,6.53,6.77,6.65,0.12,1.8045,365274.95,244574.177
779,000671.SZ,20200207,6.74,6.76,6.58,6.65,6.78,-0.13,-1.9174,303731.09,201405.431
780,000671.SZ,20200206,6.74,6.86,6.52,6.78,6.68,0.1,1.497,411868.48,276215.186
781,000671.SZ,20200205,6.8,6.92,6.64,6.68,6.74,-0.06,-0.8902,355224.17,240104.675
782,000671.SZ,20200204,6.33,6.93,6.26,6.74,6.45,0.29,4.4961,732742.51,483755.901
783,000671.SZ,20200203,6.45,6.58,6.45,6.45,7.17,-0.72,-10.0418,241252.57,155900.566
784,000671.SZ,20200123,7.53,7.65,7.1,7.17,7.61,-0.44,-5.7819,392485.37,286830.173
785,000671.SZ,20200122,7.47,7.69,7.42,7.61,7.43,0.18,2.4226,427497.27,324606.047
786,000671.SZ,20200121,7.76,7.76,7.41,7.43,7.85,-0.42,-5.3503,379330.31,285158.302
787,000671.SZ,20200120,7.83,7.9,7.65,7.85,7.85,0.0,0.0,248161.95,192847.365
788,000671.SZ,20200117,7.88,8.03,7.75,7.85,7.8,0.05,0.641,224207.52,176654.197
789,000671.SZ,20200116,7.92,7.95,7.78,7.8,7.87,-0.07,-0.8895,188997.13,148413.966
790,000671.SZ,20200115,7.9,7.98,7.83,7.87,7.96,-0.09,-1.1307,212964.87,167651.079
791,000671.SZ,20200114,8.02,8.09,7.84,7.96,8.0,-0.04,-0.5,252464.64,200839.468
792,000671.SZ,20200113,7.94,8.02,7.78,8.0,7.94,0.06,0.7557,382693.22,302641.699
793,000671.SZ,20200110,8.05,8.11,7.88,7.94,8.12,-0.18,-2.2167,310048.95,246623.41
794,000671.SZ,20200109,8.08,8.22,8.01,8.12,7.94,0.18,2.267,464408.19,376353.622
795,000671.SZ,20200108,8.15,8.15,7.87,7.94,8.23,-0.29,-3.5237,467725.12,371778.474
796,000671.SZ,20200107,8.15,8.4,8.12,8.23,8.09,0.14,1.7305,393453.68,323728.412
797,000671.SZ,20200106,8.22,8.3,8.05,8.09,8.33,-0.24,-2.8812,523500.0,427593.247
798,000671.SZ,20200103,8.57,8.58,8.22,8.33,8.58,-0.25,-2.9138,358899.02,299598.849
799,000671.SZ,20200102,8.7,8.86,8.46,8.58,8.5,0.08,0.9412,457134.79,394337.332
800,000671.SZ,20191231,8.6,8.62,8.42,8.5,8.54,-0.04,-0.4684,237721.27,202048.198
801,000671.SZ,20191230,8.43,8.6,8.3,8.54,8.36,0.18,2.1531,335707.79,285631.233
802,000671.SZ,20191227,8.3,8.48,8.2,8.36,8.3,0.06,0.7229,416496.71,348892.745
803,000671.SZ,20191226,7.94,8.35,7.93,8.3,7.82,0.48,6.1381,558080.41,457072.271
804,000671.SZ,20191225,7.87,7.88,7.75,7.82,7.82,0.0,0.0,157417.79,123029.48
805,000671.SZ,20191224,8.0,8.11,7.72,7.82,8.0,-0.18,-2.25,260841.8,204155.038
806,000671.SZ,20191223,8.19,8.42,8.0,8.0,8.2,-0.2,-2.439,318626.02,261496.4
807,000671.SZ,20191220,7.98,8.39,7.97,8.2,7.96,0.24,3.0151,507328.09,415651.755
808,000671.SZ,20191219,7.84,7.99,7.83,7.96,7.89,0.07,0.8872,180440.13,142740.914
809,000671.SZ,20191218,7.91,8.05,7.84,7.89,7.91,-0.02,-0.2528,249947.31,198097.613
810,000671.SZ,20191217,7.74,8.16,7.69,7.91,7.82,0.09,1.1509,595921.97,474511.523
811,000671.SZ,20191216,7.8,7.83,7.62,7.82,7.8,0.02,0.2564,384230.84,296435.318
812,000671.SZ,20191213,7.84,8.02,7.54,7.8,7.69,0.11,1.4304,583213.5,452342.792
813,000671.SZ,20191212,7.76,7.85,7.55,7.69,7.85,-0.16,-2.0382,431440.89,331765.421
814,000671.SZ,20191211,7.92,8.03,7.77,7.85,7.84,0.01,0.1276,435892.29,344697.984
815,000671.SZ,20191210,7.83,7.94,7.67,7.84,7.83,0.01,0.1277,439053.63,343563.722
816,000671.SZ,20191209,7.47,7.88,7.47,7.83,7.35,0.48,6.5306,558283.01,430784.366
817,000671.SZ,20191206,7.35,7.46,7.25,7.35,7.28,0.07,0.9615,329852.16,242286.635
818,000671.SZ,20191205,7.39,7.46,7.25,7.28,7.32,-0.04,-0.5464,355517.17,260144.74
819,000671.SZ,20191204,7.54,7.55,7.25,7.32,7.56,-0.24,-3.1746,324999.06,239707.912
820,000671.SZ,20191203,7.27,7.67,7.27,7.56,7.33,0.23,3.1378,571848.81,430367.287
821,000671.SZ,20191202,7.11,7.44,7.05,7.33,6.92,0.41,5.9249,580549.94,423282.735
822,000671.SZ,20191129,6.92,7.07,6.85,6.92,6.92,0.0,0.0,204922.01,142408.938
823,000671.SZ,20191128,7.08,7.13,6.87,6.92,6.95,-0.03,-0.4317,243640.26,169646.146
824,000671.SZ,20191127,6.94,7.14,6.91,6.95,6.89,0.06,0.8708,340514.93,238753.462
825,000671.SZ,20191126,7.18,7.18,6.83,6.89,7.21,-0.32,-4.4383,645176.61,449824.121
826,000671.SZ,20191125,6.57,7.21,6.52,7.21,6.55,0.66,10.0763,814051.81,573002.618
827,000671.SZ,20191122,6.63,6.74,6.41,6.55,6.64,-0.09,-1.3554,199169.84,130766.874
828,000671.SZ,20191121,6.73,6.73,6.55,6.64,6.71,-0.07,-1.0432,165516.09,109458.532
829,000671.SZ,20191120,6.89,6.95,6.67,6.71,6.91,-0.2,-2.8944,222945.57,150664.582
830,000671.SZ,20191119,6.68,6.91,6.61,6.91,6.67,0.24,3.5982,218962.01,149291.272
831,000671.SZ,20191118,6.3,6.71,6.26,6.67,6.35,0.32,5.0394,226520.29,148698.305
832,000671.SZ,20191115,6.45,6.53,6.32,6.35,6.46,-0.11,-1.7028,143192.66,91700.097
833,000671.SZ,20191114,6.47,6.51,6.41,6.46,6.48,-0.02,-0.3086,140615.18,90799.858
834,000671.SZ,20191113,6.63,6.65,6.38,6.48,6.63,-0.15,-2.2624,175240.21,113505.373
835,000671.SZ,20191112,6.66,6.74,6.58,6.63,6.62,0.01,0.1511,153518.52,102066.266
836,000671.SZ,20191111,6.76,6.81,6.61,6.62,6.77,-0.15,-2.2157,338214.49,225719.204
837,000671.SZ,20191108,6.97,7.09,6.76,6.77,6.93,-0.16,-2.3088,305138.72,210045.155
838,000671.SZ,20191107,6.61,7.0,6.59,6.93,6.63,0.3,4.5249,510272.72,350318.007
839,000671.SZ,20191106,6.6,6.69,6.49,6.63,6.6,0.03,0.4545,337853.46,223172.478
840,000671.SZ,20191105,6.28,6.68,6.26,6.6,6.29,0.31,4.9285,346014.82,225125.492
841,000671.SZ,20191104,6.39,6.43,6.24,6.29,6.36,-0.07,-1.1006,214386.86,135184.834
842,000671.SZ,20191101,6.12,6.41,6.1,6.36,6.16,0.2,3.2468,194486.38,122131.457
843,000671.SZ,20191031,6.17,6.23,6.07,6.16,6.15,0.01,0.1626,221880.34,135939.623
844,000671.SZ,20191030,6.2,6.27,6.14,6.15,6.21,-0.06,-0.9662,154765.22,95967.498
845,000671.SZ,20191029,6.4,6.4,6.2,6.21,6.4,-0.19,-2.9688,226693.78,142043.036
846,000671.SZ,20191028,6.61,6.61,6.28,6.4,6.6,-0.2,-3.0303,299663.06,191636.858
847,000671.SZ,20191025,6.6,6.71,6.55,6.6,6.58,0.02,0.304,259995.32,171929.192
848,000671.SZ,20191024,6.6,6.74,6.52,6.58,6.5,0.08,1.2308,209785.23,138716.178
849,000671.SZ,20191023,6.6,6.69,6.48,6.5,6.61,-0.11,-1.6641,174851.0,114944.666
850,000671.SZ,20191022,6.63,6.66,6.53,6.61,6.57,0.04,0.6088,117302.51,77287.638
851,000671.SZ,20191021,6.49,6.71,6.47,6.57,6.48,0.09,1.3889,213046.35,140679.789
852,000671.SZ,20191018,6.62,6.74,6.43,6.48,6.62,-0.14,-2.1148,244760.65,160060.581
853,000671.SZ,20191017,6.72,6.76,6.6,6.62,6.7,-0.08,-1.194,195661.96,130433.925
854,000671.SZ,20191016,6.57,6.79,6.57,6.7,6.57,0.13,1.9787,303367.05,203690.568
855,000671.SZ,20191015,6.58,6.67,6.56,6.57,6.57,0.0,0.0,171368.25,112895.039
856,000671.SZ,20191014,6.57,6.66,6.53,6.57,6.51,0.06,0.9217,308995.71,203757.22
857,000671.SZ,20191011,6.49,6.58,6.43,6.51,6.46,0.05,0.774,242526.28,157776.849
858,000671.SZ,20191010,6.4,6.53,6.38,6.46,6.45,0.01,0.155,287989.29,185855.593
859,000671.SZ,20191009,6.15,6.46,6.11,6.45,6.19,0.26,4.2003,425404.83,270505.573
860,000671.SZ,20191008,5.97,6.24,5.97,6.19,5.9,0.29,4.9153,338793.9,208358.077
861,000671.SZ,20190930,5.84,5.94,5.82,5.9,5.88,0.02,0.3401,91104.07,53633.018
862,000671.SZ,20190927,5.87,5.9,5.81,5.88,5.87,0.01,0.1704,112450.79,65936.689
863,000671.SZ,20190926,5.87,6.01,5.83,5.87,5.84,0.03,0.5137,174345.63,102989.331
864,000671.SZ,20190925,5.95,5.95,5.8,5.84,5.95,-0.11,-1.8487,142303.2,83283.708
865,000671.SZ,20190924,5.98,6.01,5.91,5.95,5.98,-0.03,-0.5017,138188.78,82294.67
866,000671.SZ,20190923,6.11,6.12,5.93,5.98,6.14,-0.16,-2.6059,141370.0,84668.813
867,000671.SZ,20190920,6.15,6.18,6.09,6.14,6.15,-0.01,-0.1626,115391.38,70721.528
868,000671.SZ,20190919,6.13,6.2,6.11,6.15,6.1,0.05,0.8197,152528.44,93944.492
869,000671.SZ,20190918,6.1,6.18,6.05,6.1,6.05,0.05,0.8264,175581.74,107625.463
870,000671.SZ,20190917,6.15,6.17,6.05,6.05,6.14,-0.09,-1.4658,172104.87,105023.492
871,000671.SZ,20190916,6.14,6.18,6.1,6.14,6.14,0.0,0.0,185397.92,113892.817
872,000671.SZ,20190912,6.05,6.28,6.04,6.14,6.02,0.12,1.9934,546126.28,337561.2
873,000671.SZ,20190911,6.04,6.06,5.96,6.02,6.02,0.0,0.0,145688.58,87409.617
874,000671.SZ,20190910,6.06,6.1,5.99,6.02,6.06,-0.04,-0.6601,217828.17,131305.517
875,000671.SZ,20190909,6.08,6.11,6.01,6.06,6.02,0.04,0.6645,196561.01,119060.926
876,000671.SZ,20190906,6.03,6.07,5.93,6.02,6.0,0.02,0.3333,198865.86,119061.893
877,000671.SZ,20190905,6.04,6.15,5.99,6.0,6.01,-0.01,-0.1664,299072.1,181673.691
878,000671.SZ,20190904,5.74,6.01,5.73,6.01,5.76,0.25,4.3403,310972.13,183811.538
879,000671.SZ,20190903,5.77,5.81,5.72,5.76,5.8,-0.04,-0.6897,145283.33,83647.553
880,000671.SZ,20190902,5.7,5.83,5.65,5.8,5.7,0.1,1.7544,357414.32,205167.719
881,000671.SZ,20190830,5.82,5.86,5.68,5.7,5.8,-0.1,-1.7241,199380.25,114903.678
882,000671.SZ,20190829,5.93,5.95,5.77,5.8,5.91,-0.11,-1.8613,261831.91,152154.401
883,000671.SZ,20190828,5.98,6.0,5.9,5.91,5.99,-0.08,-1.3356,142135.52,84320.741
884,000671.SZ,20190827,6.03,6.1,5.96,5.99,5.97,0.02,0.335,247917.26,149413.95
885,000671.SZ,20190826,5.99,6.1,5.94,5.97,6.13,-0.16,-2.6101,166355.58,99528.664
886,000671.SZ,20190823,6.2,6.23,6.12,6.13,6.19,-0.06,-0.9693,167247.22,103046.526
887,000671.SZ,20190822,6.33,6.38,6.18,6.19,6.34,-0.15,-2.3659,188788.71,118053.111
888,000671.SZ,20190821,6.42,6.45,6.32,6.34,6.41,-0.07,-1.092,111917.38,71386.172
889,000671.SZ,20190820,6.42,6.46,6.36,6.41,6.45,-0.04,-0.6202,158009.18,101299.658
890,000671.SZ,20190819,6.4,6.46,6.31,6.45,6.32,0.13,2.057,200352.51,128077.241
891,000671.SZ,20190816,6.3,6.39,6.25,6.32,6.29,0.03,0.4769,104526.29,66202.251
892,000671.SZ,20190815,6.16,6.34,6.03,6.29,6.25,0.04,0.64,130956.43,81595.031
893,000671.SZ,20190814,6.3,6.37,6.23,6.25,6.24,0.01,0.1603,85310.47,53624.773
894,000671.SZ,20190813,6.24,6.29,6.2,6.24,6.29,-0.05,-0.7949,78276.14,48810.129
895,000671.SZ,20190812,6.13,6.31,6.1,6.29,6.13,0.16,2.6101,126416.74,78794.208
896,000671.SZ,20190809,6.39,6.39,6.1,6.13,6.35,-0.22,-3.4646,202217.78,125552.543
897,000671.SZ,20190808,6.46,6.47,6.29,6.35,6.43,-0.08,-1.2442,120300.78,76517.831
898,000671.SZ,20190807,6.45,6.54,6.33,6.43,6.4,0.03,0.4688,206229.28,132634.303
899,000671.SZ,20190806,6.22,6.44,6.11,6.4,6.33,0.07,1.1058,306672.02,192605.5
900,000671.SZ,20190805,6.46,6.56,6.3,6.33,6.45,-0.12,-1.8605,242663.03,156370.688
901,000671.SZ,20190802,6.4,6.51,6.36,6.45,6.55,-0.1,-1.5267,234800.32,151193.97
902,000671.SZ,20190801,6.58,6.63,6.44,6.55,6.61,-0.06,-0.9077,226041.44,147521.529
903,000671.SZ,20190731,6.81,6.82,6.57,6.61,6.91,-0.3,-4.3415,351163.2,234057.213
904,000671.SZ,20190730,6.69,6.93,6.66,6.91,6.76,0.15,2.2189,246949.09,168965.077
905,000671.SZ,20190729,6.72,6.84,6.7,6.76,6.79,-0.03,-0.4418,142096.27,96250.548
906,000671.SZ,20190726,6.75,6.83,6.71,6.79,6.82,-0.03,-0.4399,225502.46,152341.627
907,000671.SZ,20190725,6.91,6.91,6.67,6.82,6.9,-0.08,-1.1594,298069.51,201308.67
908,000671.SZ,20190724,7.02,7.04,6.86,6.9,6.97,-0.07,-1.0043,305709.72,211547.338
909,000671.SZ,20190723,7.12,7.17,6.91,6.97,7.12,-0.15,-2.1067,304486.96,213258.366
910,000671.SZ,20190722,7.2,7.33,7.07,7.12,7.26,-0.14,-1.9284,343392.45,247088.623
911,000671.SZ,20190719,6.91,7.3,6.91,7.26,6.86,0.4,5.8309,453407.18,324302.415
912,000671.SZ,20190718,6.9,6.98,6.85,6.86,6.92,-0.06,-0.8671,181385.17,125070.46
913,000671.SZ,20190717,6.88,7.08,6.83,6.92,6.92,0.0,0.0,315574.09,218877.17
914,000671.SZ,20190716,6.64,6.94,6.6,6.92,6.52,0.4,6.135,419803.67,284699.617
915,000671.SZ,20190715,6.68,6.7,6.31,6.52,6.73,-0.21,-3.1204,356707.6,231314.457
916,000671.SZ,20190712,6.78,6.83,6.71,6.73,6.76,-0.03,-0.4438,220542.57,149176.877
917,000671.SZ,20190711,6.89,6.97,6.69,6.76,6.83,-0.07,-1.0249,206991.69,141134.335
918,000671.SZ,20190710,6.91,6.97,6.78,6.83,6.88,-0.05,-0.7267,179623.84,123394.736
919,000671.SZ,20190709,6.88,7.03,6.85,6.88,6.91,-0.03,-0.4342,224805.33,156104.943
920,000671.SZ,20190708,7.06,7.07,6.79,6.91,7.09,-0.18,-2.5388,232890.77,161331.054
921,000671.SZ,20190705,7.23,7.26,7.05,7.09,7.27,-0.18,-2.4759,269341.39,191827.538
922,000671.SZ,20190704,7.05,7.51,7.04,7.27,7.1,0.17,2.3944,498594.47,365227.242
923,000671.SZ,20190703,6.85,7.17,6.75,7.1,6.86,0.24,3.4985,449162.47,315588.354
924,000671.SZ,20190702,6.77,6.9,6.66,6.86,6.78,0.08,1.1799,236628.2,160058.786
925,000671.SZ,20190701,6.58,6.83,6.54,6.78,6.48,0.3,4.6296,317208.52,212216.09
926,000671.SZ,20190628,6.54,6.58,6.44,6.48,6.54,-0.06,-0.9174,98773.0,64087.917
927,000671.SZ,20190627,6.51,6.62,6.51,6.54,6.51,0.03,0.4608,110427.0,72519.518
928,000671.SZ,20190626,6.54,6.58,6.48,6.51,6.54,-0.03,-0.4587,123617.31,80720.272
929,000671.SZ,20190625,6.62,6.63,6.49,6.54,6.66,-0.12,-1.8018,179822.93,117734.829
930,000671.SZ,20190624,6.62,6.66,6.51,6.66,6.63,0.03,0.4525,229140.77,150896.95
931,000671.SZ,20190621,6.71,6.75,6.58,6.63,6.74,-0.11,-1.632,310539.88,206235.816
932,000671.SZ,20190620,6.58,6.76,6.53,6.74,6.57,0.17,2.5875,250159.93,167104.294
933,000671.SZ,20190619,6.74,6.78,6.55,6.57,6.55,0.02,0.3053,260697.04,173169.904
934,000671.SZ,20190618,6.62,6.65,6.49,6.55,6.6,-0.05,-0.7576,174423.57,114262.187
935,000671.SZ,20190617,6.56,6.78,6.48,6.6,6.58,0.02,0.304,218409.14,144946.073
936,000671.SZ,20190614,6.64,6.77,6.53,6.58,6.6,-0.02,-0.303,242079.12,160864.866
937,000671.SZ,20190613,6.59,6.65,6.49,6.6,6.61,-0.01,-0.1513,147860.64,97057.794
938,000671.SZ,20190612,6.64,6.73,6.55,6.61,6.63,-0.02,-0.3017,189667.73,125459.847
939,000671.SZ,20190611,6.46,6.77,6.46,6.63,6.45,0.18,2.7907,373635.0,248586.312
940,000671.SZ,20190610,6.17,6.53,6.13,6.45,6.13,0.32,5.2202,426327.54,273255.547
941,000671.SZ,20190606,6.17,6.23,6.04,6.13,6.22,-0.09,-1.4469,353189.11,216827.012
942,000671.SZ,20190605,6.0,6.35,5.98,6.22,5.91,0.31,5.2453,608560.0,375489.771
943,000671.SZ,20190604,6.08,6.09,5.87,5.91,6.04,-0.13,-2.1523,283100.37,168823.394
944,000671.SZ,20190603,6.22,6.24,6.03,6.04,6.17,-0.13,-2.107,281113.64,171872.252
945,000671.SZ,20190531,6.11,6.23,6.11,6.17,6.11,0.06,0.982,174203.92,107772.744
946,000671.SZ,20190530,6.21,6.22,6.06,6.11,6.17,-0.06,-0.9724,178131.88,108718.39
947,000671.SZ,20190529,6.3,6.3,6.17,6.17,6.27,-0.1,-1.5949,172391.56,107177.363
948,000671.SZ,20190528,6.33,6.42,6.29,6.33,6.31,0.02,0.317,200169.61,127370.666
949,000671.SZ,20190527,6.2,6.32,6.15,6.31,6.2,0.11,1.7742,223446.16,139280.409
950,000671.SZ,20190524,6.35,6.39,6.16,6.2,6.33,-0.13,-2.0537,196357.17,122643.475
951,000671.SZ,20190523,6.5,6.52,6.32,6.33,6.54,-0.21,-3.211,145519.99,92960.507
952,000671.SZ,20190522,6.58,6.59,6.47,6.54,6.58,-0.04,-0.6079,165234.68,107750.193
953,000671.SZ,20190521,6.55,6.65,6.48,6.58,6.52,0.06,0.9202,180015.08,118049.669
954,000671.SZ,20190520,6.68,6.68,6.43,6.52,6.71,-0.19,-2.8316,279659.24,181810.256
955,000671.SZ,20190517,6.92,6.99,6.66,6.71,6.91,-0.2,-2.8944,262708.72,179030.285
956,000671.SZ,20190516,6.79,6.92,6.76,6.91,6.79,0.12,1.7673,196597.11,134793.783
957,000671.SZ,20190515,6.7,6.82,6.67,6.79,6.62,0.17,2.568,226488.1,153243.646
958,000671.SZ,20190514,6.71,6.77,6.61,6.62,6.8,-0.18,-2.6471,208380.77,139257.72
959,000671.SZ,20190513,6.68,6.93,6.63,6.8,6.77,0.03,0.4431,261103.07,177075.427
960,000671.SZ,20190510,6.62,6.82,6.47,6.77,6.5,0.27,4.1538,351575.03,235846.815
961,000671.SZ,20190509,6.66,6.83,6.5,6.5,6.69,-0.19,-2.8401,266000.7,176453.502
962,000671.SZ,20190508,6.58,6.91,6.5,6.69,6.66,0.03,0.4505,333014.13,224446.472
963,000671.SZ,20190507,6.4,6.77,6.38,6.66,6.32,0.34,5.3797,563032.92,370824.149
964,000671.SZ,20190506,6.53,6.69,6.2,6.32,6.84,-0.52,-7.6023,394748.12,255450.914
965,000671.SZ,20190430,6.77,6.91,6.77,6.84,6.75,0.09,1.3333,174811.64,119469.528
966,000671.SZ,20190429,6.91,6.99,6.72,6.75,6.91,-0.16,-2.3155,283926.64,194088.132
967,000671.SZ,20190426,7.0,7.03,6.82,6.91,7.0,-0.09,-1.2857,353560.82,245011.743
968,000671.SZ,20190425,7.18,7.35,6.91,7.0,7.16,-0.16,-2.2346,357735.21,256422.466
969,000671.SZ,20190424,7.2,7.2,7.08,7.16,7.15,0.01,0.1399,254228.1,181505.497
970,000671.SZ,20190423,7.21,7.22,7.07,7.15,7.11,0.04,0.5626,337176.59,240809.771
971,000671.SZ,20190422,7.34,7.4,7.06,7.11,7.53,-0.42,-5.5777,545576.24,391545.077
972,000671.SZ,20190419,7.53,7.62,7.42,7.53,7.53,0.0,0.0,290275.4,217493.602
973,000671.SZ,20190418,7.54,7.6,7.44,7.53,7.51,0.02,0.2663,242643.01,182358.821
974,000671.SZ,20190417,7.67,7.69,7.39,7.51,7.67,-0.16,-2.086,563874.64,422958.324
975,000671.SZ,20190416,7.62,7.67,7.34,7.67,7.69,-0.02,-0.2601,582385.52,436521.283
976,000671.SZ,20190415,8.0,8.08,7.67,7.69,7.85,-0.16,-2.0382,476156.29,374817.189
977,000671.SZ,20190412,8.09,8.14,7.73,7.85,8.09,-0.24,-2.9666,374038.25,295669.738
978,000671.SZ,20190411,8.35,8.39,8.02,8.09,8.28,-0.19,-2.2947,305061.74,248041.587
979,000671.SZ,20190410,8.4,8.57,8.17,8.28,8.43,-0.15,-1.7794,336349.38,280657.963
980,000671.SZ,20190409,8.26,8.7,8.26,8.43,8.1,0.33,4.0741,559465.16,474321.015
981,000671.SZ,20190408,8.3,8.39,8.0,8.1,8.25,-0.15,-1.8182,355546.7,290397.533
982,000671.SZ,20190404,8.36,8.4,8.09,8.25,8.34,-0.09,-1.0791,391379.35,322364.118
983,000671.SZ,20190403,8.27,8.41,8.04,8.34,8.31,0.03,0.361,360949.59,298477.395
984,000671.SZ,20190402,8.45,8.52,8.26,8.31,8.37,-0.06,-0.7168,335241.71,280323.878
985,000671.SZ,20190401,8.29,8.75,8.29,8.37,8.35,0.02,0.2395,895861.76,765331.053
986,000671.SZ,20190329,7.93,8.42,7.82,8.35,7.87,0.48,6.0991,535414.8,436995.684
987,000671.SZ,20190328,7.95,8.07,7.82,7.87,8.0,-0.13,-1.625,303833.68,241341.807
988,000671.SZ,20190327,8.02,8.11,7.79,8.0,7.93,0.07,0.8827,370435.56,295366.321
989,000671.SZ,20190326,8.1,8.24,7.91,7.93,8.04,-0.11,-1.3682,277012.75,223442.029
990,000671.SZ,20190325,8.15,8.29,8.01,8.04,8.32,-0.28,-3.3654,334078.68,271990.879
991,000671.SZ,20190322,8.36,8.42,8.14,8.32,8.35,-0.03,-0.3593,346748.57,286342.426
992,000671.SZ,20190321,8.59,8.76,8.32,8.35,8.57,-0.22,-2.5671,493821.83,419419.498
993,000671.SZ,20190320,8.64,8.85,8.23,8.57,8.69,-0.12,-1.3809,610708.34,518151.139
994,000671.SZ,20190319,8.67,9.18,8.54,8.69,8.61,0.08,0.9292,705061.2,624245.077
995,000671.SZ,20190318,7.99,8.69,7.96,8.61,7.96,0.65,8.1658,728155.32,606591.682
996,000671.SZ,20190315,7.39,8.06,7.25,7.96,7.41,0.55,7.4224,733190.51,569671.094
997,000671.SZ,20190314,7.62,7.85,7.34,7.41,7.65,-0.24,-3.1373,331155.7,250176.102
998,000671.SZ,20190313,7.5,7.81,7.37,7.65,7.42,0.23,3.0997,550051.4,419425.583
999,000671.SZ,20190312,7.3,7.62,7.3,7.42,7.25,0.17,2.3448,373191.63,279230.087
1000,000671.SZ,20190311,6.9,7.34,6.85,7.25,6.98,0.27,3.8682,399887.65,282331.221
1001,000671.SZ,20190308,7.27,7.34,6.97,6.98,7.42,-0.44,-5.9299,432139.18,310205.069
1002,000671.SZ,20190307,7.66,7.66,7.31,7.42,7.78,-0.36,-4.6272,466767.79,348623.667
1003,000671.SZ,20190306,7.83,8.0,7.4,7.78,7.79,-0.01,-0.1284,522700.49,399301.678
1004,000671.SZ,20190305,7.37,7.85,7.29,7.79,7.28,0.51,7.0055,664319.02,508142.948
1005,000671.SZ,20190304,7.02,7.51,7.02,7.28,6.98,0.3,4.298,587810.82,429126.756
1006,000671.SZ,20190301,6.93,7.04,6.8,6.98,6.85,0.13,1.8978,414209.45,286496.689
1007,000671.SZ,20190228,6.8,7.05,6.79,6.85,6.78,0.07,1.0324,413945.17,286168.173
1008,000671.SZ,20190227,6.39,6.87,6.37,6.78,6.41,0.37,5.7722,670695.94,447668.171
1009,000671.SZ,20190226,6.35,6.69,6.35,6.41,6.29,0.12,1.9078,612557.16,399452.982
1010,000671.SZ,20190225,6.0,6.33,5.98,6.29,5.93,0.36,6.0708,558351.47,345919.003
1011,000671.SZ,20190222,5.9,5.94,5.81,5.93,5.93,0.0,0.0,219186.9,128555.494
1012,000671.SZ,20190221,6.07,6.09,5.93,5.93,6.03,-0.1,-1.6584,216202.86,129447.74
1013,000671.SZ,20190220,5.88,6.05,5.82,6.03,5.88,0.15,2.551,367526.56,219335.232
1014,000671.SZ,20190219,5.98,6.15,5.86,5.88,5.93,-0.05,-0.8432,336106.8,201768.601
1015,000671.SZ,20190218,5.7,5.96,5.66,5.93,5.64,0.29,5.1418,364456.12,211184.289
1016,000671.SZ,20190215,5.74,5.8,5.61,5.64,5.77,-0.13,-2.253,219566.52,124900.777
1017,000671.SZ,20190214,5.79,5.88,5.73,5.77,5.78,-0.01,-0.173,166369.06,96389.355
1018,000671.SZ,20190213,5.73,5.85,5.68,5.78,5.72,0.06,1.049,228438.65,131465.344
1019,000671.SZ,20190212,5.8,5.84,5.68,5.72,5.8,-0.08,-1.3793,211563.52,121532.805
1020,000671.SZ,20190211,5.65,5.89,5.61,5.8,5.67,0.13,2.2928,327808.67,188716.527
1021,000671.SZ,20190201,5.7,5.74,5.55,5.67,5.63,0.04,0.7105,167636.12,94450.731
1022,000671.SZ,20190131,5.61,5.76,5.6,5.63,5.67,-0.04,-0.7055,365331.3,207330.022
1023,000671.SZ,20190130,5.41,5.8,5.38,5.67,5.4,0.27,5.0,391803.54,219728.784
1024,000671.SZ,20190129,5.27,5.48,5.24,5.4,5.27,0.13,2.4668,309210.07,165975.409
1025,000671.SZ,20190128,5.32,5.38,5.24,5.27,5.28,-0.01,-0.1894,234286.95,124481.752
1026,000671.SZ,20190125,5.21,5.35,5.18,5.28,5.19,0.09,1.7341,242330.32,127547.902
1027,000671.SZ,20190124,5.19,5.2,5.13,5.19,5.17,0.02,0.3868,118810.3,61452.595
1028,000671.SZ,20190123,5.22,5.26,5.16,5.17,5.23,-0.06,-1.1472,108928.06,56537.321
1029,000671.SZ,20190122,5.33,5.42,5.22,5.23,5.33,-0.1,-1.8762,133739.78,70982.559
1030,000671.SZ,20190121,5.39,5.39,5.31,5.33,5.38,-0.05,-0.9294,93818.39,50212.361
1031,000671.SZ,20190118,5.31,5.39,5.22,5.38,5.31,0.07,1.3183,140554.66,74981.92
1032,000671.SZ,20190117,5.31,5.36,5.28,5.31,5.31,0.0,0.0,78594.0,41817.008
1033,000671.SZ,20190116,5.3,5.36,5.28,5.31,5.29,0.02,0.3781,89097.44,47386.713
1034,000671.SZ,20190115,5.25,5.31,5.18,5.29,5.26,0.03,0.5703,78242.52,41107.504
1035,000671.SZ,20190114,5.28,5.3,5.24,5.26,5.28,-0.02,-0.3788,56966.43,29968.268
1036,000671.SZ,20190111,5.29,5.36,5.24,5.28,5.29,-0.01,-0.189,124623.55,65839.8
1037,000671.SZ,20190110,5.36,5.39,5.28,5.29,5.37,-0.08,-1.4898,88313.0,47001.951
1038,000671.SZ,20190109,5.36,5.43,5.34,5.37,5.34,0.03,0.5618,99784.86,53853.233
1039,000671.SZ,20190108,5.36,5.37,5.3,5.34,5.35,-0.01,-0.1869,61644.3,32837.841
1040,000671.SZ,20190107,5.38,5.46,5.32,5.35,5.33,0.02,0.3752,144597.88,77673.43
1041,000671.SZ,20190104,5.13,5.34,5.11,5.33,5.18,0.15,2.8958,149214.53,78488.931
1042,000671.SZ,20190103,5.15,5.21,5.12,5.18,5.15,0.03,0.5825,72641.18,37466.838
1043,000671.SZ,20190102,5.2,5.24,5.09,5.15,5.19,-0.04,-0.7707,105582.09,54330.033
