,ts_code,trade_date,open,high,low,close,pre_close,change,pct_chg,vol,amount
0,002120.SZ,20230420,12.01,12.1,11.68,11.83,12.17,-0.34,-2.7938,433055.84,512764.835
1,002120.SZ,20230419,12.39,12.55,12.1,12.17,12.39,-0.22,-1.7756,384334.2,469366.113
2,002120.SZ,20230418,11.6,12.45,11.58,12.39,11.65,0.74,6.3519,960243.86,1164471.299
3,002120.SZ,20230417,11.48,11.69,11.14,11.65,11.45,0.2,1.7467,492442.81,566821.488
4,002120.SZ,20230414,11.46,11.52,11.42,11.45,11.45,0.0,0.0,220238.5,252395.372
5,002120.SZ,20230413,11.56,11.57,11.4,11.45,11.58,-0.13,-1.1226,275465.26,315199.128
6,002120.SZ,20230412,11.81,11.86,11.5,11.58,11.86,-0.28,-2.3609,475416.81,551514.062
7,002120.SZ,20230411,11.66,11.91,11.6,11.86,11.79,0.07,0.5937,265430.99,313203.931
8,002120.SZ,20230410,11.95,12.03,11.74,11.79,11.95,-0.16,-1.3389,369645.48,438338.918
9,002120.SZ,20230407,11.7,12.04,11.62,11.95,11.57,0.38,3.2844,449810.69,534425.805
10,002120.SZ,20230406,11.79,11.79,11.51,11.57,11.8,-0.23,-1.9492,319997.51,371146.931
11,002120.SZ,20230404,11.88,11.88,11.61,11.8,11.86,-0.06,-0.5059,308698.45,362503.004
12,002120.SZ,20230403,11.87,11.92,11.79,11.86,11.83,0.03,0.2536,207046.03,245306.866
13,002120.SZ,20230331,11.68,11.87,11.64,11.83,11.68,0.15,1.2842,229480.3,270640.522
14,002120.SZ,20230330,11.74,11.74,11.44,11.68,11.73,-0.05,-0.4263,353743.15,408744.422
15,002120.SZ,20230329,11.77,12.0,11.7,11.73,11.71,0.02,0.1708,351834.05,416088.494
16,002120.SZ,20230328,11.88,11.9,11.65,11.71,11.8,-0.09,-0.7627,290410.63,341522.83
17,002120.SZ,20230327,12.1,12.13,11.71,11.8,12.09,-0.29,-2.3987,396630.92,468683.844
18,002120.SZ,20230324,12.11,12.22,12.05,12.09,12.11,-0.02,-0.1652,226235.61,274156.719
19,002120.SZ,20230323,12.08,12.2,11.96,12.11,12.15,-0.04,-0.3292,191382.3,231469.181
20,002120.SZ,20230322,12.27,12.33,12.07,12.15,12.26,-0.11,-0.8972,217441.24,264461.038
21,002120.SZ,20230321,12.04,12.38,11.89,12.26,12.04,0.22,1.8272,276343.04,337435.443
22,002120.SZ,20230320,12.66,12.72,11.9,12.04,12.65,-0.61,-4.8221,571306.71,692998.275
23,002120.SZ,20230317,12.78,12.9,12.51,12.65,12.69,-0.04,-0.3152,246146.89,311690.293
24,002120.SZ,20230316,12.74,12.89,12.64,12.69,12.86,-0.17,-1.3219,234970.72,299351.332
25,002120.SZ,20230315,12.74,13.05,12.72,12.86,12.66,0.2,1.5798,301997.88,389052.314
26,002120.SZ,20230314,12.95,12.95,12.53,12.66,12.93,-0.27,-2.0882,269014.5,341845.009
27,002120.SZ,20230313,12.25,13.03,12.25,12.93,12.1,0.83,6.8595,690573.89,875076.966
28,002120.SZ,20230310,12.18,12.25,12.08,12.1,12.31,-0.21,-1.7059,183333.42,222426.668
29,002120.SZ,20230309,12.44,12.49,12.27,12.31,12.45,-0.14,-1.1245,140037.67,173073.156
30,002120.SZ,20230308,12.21,12.45,12.1,12.45,12.3,0.15,1.2195,170479.33,209596.882
31,002120.SZ,20230307,12.51,12.56,12.28,12.3,12.52,-0.22,-1.7572,228522.64,283625.822
32,002120.SZ,20230306,12.83,12.83,12.51,12.52,12.78,-0.26,-2.0344,340236.38,428432.259
33,002120.SZ,20230303,12.76,12.9,12.73,12.78,12.74,0.04,0.314,179326.64,229241.261
34,002120.SZ,20230302,12.81,12.81,12.67,12.74,12.86,-0.12,-0.9331,207110.52,263429.32
35,002120.SZ,20230301,12.77,12.92,12.62,12.86,12.76,0.1,0.7837,198898.82,254575.756
36,002120.SZ,20230228,12.75,12.81,12.63,12.76,12.73,0.03,0.2357,157072.81,199657.802
37,002120.SZ,20230227,12.86,12.9,12.64,12.73,12.97,-0.24,-1.8504,283998.52,362552.949
38,002120.SZ,20230224,13.14,13.14,12.88,12.97,13.1,-0.13,-0.9924,224091.38,290421.43
39,002120.SZ,20230223,12.82,13.2,12.76,13.1,12.81,0.29,2.2639,353250.4,460742.703
40,002120.SZ,20230222,12.77,12.92,12.64,12.81,12.86,-0.05,-0.3888,227532.9,290822.745
41,002120.SZ,20230221,12.72,12.94,12.61,12.86,12.72,0.14,1.1006,352852.52,450756.753
42,002120.SZ,20230220,12.7,12.77,12.44,12.72,12.79,-0.07,-0.5473,468295.95,589417.664
43,002120.SZ,20230217,12.95,13.2,12.78,12.79,13.05,-0.26,-1.9923,320180.74,415160.327
44,002120.SZ,20230216,13.63,13.64,12.94,13.05,13.64,-0.59,-4.3255,547718.41,726559.704
45,002120.SZ,20230215,14.04,14.04,13.44,13.64,14.05,-0.41,-2.9181,452193.06,616515.602
46,002120.SZ,20230214,14.43,14.47,13.9,14.05,14.4,-0.35,-2.4306,334646.03,471453.904
47,002120.SZ,20230213,14.38,14.58,14.01,14.4,14.49,-0.09,-0.6211,231948.43,333043.668
48,002120.SZ,20230210,14.65,14.74,14.42,14.49,14.73,-0.24,-1.6293,129213.01,187852.673
49,002120.SZ,20230209,14.67,14.9,14.6,14.73,14.67,0.06,0.409,133571.48,197341.917
50,002120.SZ,20230208,14.81,14.9,14.63,14.67,14.77,-0.1,-0.677,104522.91,154212.628
51,002120.SZ,20230207,14.69,14.9,14.54,14.77,14.65,0.12,0.8191,154293.4,227780.11
52,002120.SZ,20230206,14.78,14.95,14.53,14.65,14.92,-0.27,-1.8097,170109.39,249812.835
53,002120.SZ,20230203,15.04,15.16,14.77,14.92,15.2,-0.28,-1.8421,207441.82,309655.734
54,002120.SZ,20230202,15.19,15.43,15.04,15.2,15.19,0.01,0.0658,256463.73,390245.769
55,002120.SZ,20230201,14.99,15.35,14.78,15.19,14.78,0.41,2.774,613014.08,923894.283
56,002120.SZ,20230131,14.33,14.78,13.95,14.78,13.44,1.34,9.9702,683135.3,998777.435
57,002120.SZ,20230130,13.63,13.64,13.3,13.44,13.39,0.05,0.3734,204216.54,274746.355
58,002120.SZ,20230120,13.25,13.55,13.22,13.39,13.23,0.16,1.2094,243071.02,325192.816
59,002120.SZ,20230119,13.05,13.24,12.81,13.23,13.16,0.07,0.5319,211354.23,276598.772
60,002120.SZ,20230118,13.1,13.25,13.07,13.16,13.24,-0.08,-0.6042,125187.44,164364.316
61,002120.SZ,20230117,13.66,13.66,13.05,13.24,13.63,-0.39,-2.8613,309582.05,408358.384
62,002120.SZ,20230116,13.34,13.95,13.21,13.63,13.29,0.34,2.5583,310676.06,422033.51
63,002120.SZ,20230113,13.1,13.4,13.1,13.29,13.08,0.21,1.6055,227300.35,302417.8
64,002120.SZ,20230112,13.2,13.32,13.05,13.08,13.2,-0.12,-0.9091,201102.57,264786.922
65,002120.SZ,20230111,13.26,13.35,13.1,13.2,13.3,-0.1,-0.7519,266478.86,351505.151
66,002120.SZ,20230110,13.59,13.65,13.16,13.3,13.66,-0.36,-2.6354,237481.55,315811.212
67,002120.SZ,20230109,13.6,14.03,13.51,13.66,13.66,0.0,0.0,211413.3,290222.586
68,002120.SZ,20230106,14.1,14.1,13.43,13.66,14.19,-0.53,-3.735,418055.96,570669.017
69,002120.SZ,20230105,14.2,14.66,14.09,14.19,14.33,-0.14,-0.977,273646.53,390804.039
70,002120.SZ,20230104,14.46,14.53,14.12,14.33,14.61,-0.28,-1.9165,172552.16,246177.198
71,002120.SZ,20230103,14.38,14.63,14.0,14.61,14.38,0.23,1.5994,201993.7,289515.54
72,002120.SZ,20221230,14.45,14.57,14.21,14.38,14.42,-0.04,-0.2774,109572.19,157511.862
73,002120.SZ,20221229,14.48,14.59,14.21,14.42,14.56,-0.14,-0.9615,126940.85,182695.915
74,002120.SZ,20221228,14.91,15.14,14.46,14.56,15.06,-0.5,-3.3201,236676.3,351054.801
75,002120.SZ,20221227,14.6,15.2,14.41,15.06,14.54,0.52,3.5763,243379.46,362489.126
76,002120.SZ,20221226,14.58,14.9,14.41,14.54,14.63,-0.09,-0.6152,129383.49,188865.65
77,002120.SZ,20221223,14.58,14.94,14.34,14.63,14.71,-0.08,-0.5438,213924.98,312931.672
78,002120.SZ,20221222,14.0,15.04,14.0,14.71,13.93,0.78,5.5994,349647.61,511863.55
79,002120.SZ,20221221,14.09,14.3,13.83,13.93,14.0,-0.07,-0.5,109302.6,153109.608
80,002120.SZ,20221220,14.04,14.31,13.87,14.0,14.28,-0.28,-1.9608,139216.82,195577.93
81,002120.SZ,20221219,14.46,14.55,14.18,14.28,14.5,-0.22,-1.5172,139854.32,200580.779
82,002120.SZ,20221216,14.2,14.53,14.14,14.5,14.36,0.14,0.9749,166704.67,239982.302
83,002120.SZ,20221215,14.91,15.07,14.27,14.36,14.9,-0.54,-3.6242,316901.06,459324.177
84,002120.SZ,20221214,14.53,15.1,14.32,14.9,14.52,0.38,2.6171,353226.47,522399.282
85,002120.SZ,20221213,13.95,14.6,13.81,14.52,13.97,0.55,3.937,297803.48,426991.734
86,002120.SZ,20221212,14.19,14.4,13.92,13.97,14.29,-0.32,-2.2393,261779.68,368341.675
87,002120.SZ,20221209,14.71,14.73,14.25,14.29,14.67,-0.38,-2.5903,373643.37,537957.858
88,002120.SZ,20221208,14.45,14.75,14.21,14.67,14.44,0.23,1.5928,323427.57,470203.76
89,002120.SZ,20221207,14.05,14.58,13.88,14.44,14.12,0.32,2.2663,592507.27,846463.239
90,002120.SZ,20221206,13.6,14.19,13.5,14.12,13.68,0.44,3.2164,497896.03,695627.491
91,002120.SZ,20221205,13.12,13.87,12.99,13.68,12.92,0.76,5.8824,642935.47,870299.427
92,002120.SZ,20221202,13.08,13.1,12.84,12.92,13.08,-0.16,-1.2232,337352.16,436582.934
93,002120.SZ,20221201,12.52,13.27,12.52,13.08,12.3,0.78,6.3415,798577.54,1039799.299
94,002120.SZ,20221130,12.19,12.36,12.11,12.3,12.14,0.16,1.318,331331.5,405802.975
95,002120.SZ,20221129,11.52,12.18,11.51,12.14,11.51,0.63,5.4735,584170.0,698121.259
96,002120.SZ,20221128,11.6,11.63,11.4,11.51,11.77,-0.26,-2.209,307955.35,354398.5
97,002120.SZ,20221125,11.71,11.83,11.64,11.77,11.72,0.05,0.4266,203378.4,238824.945
98,002120.SZ,20221124,11.68,11.81,11.65,11.72,11.59,0.13,1.1217,248030.32,290757.334
99,002120.SZ,20221123,11.95,11.96,11.53,11.59,11.95,-0.36,-3.0126,436761.79,508516.978
100,002120.SZ,20221122,12.02,12.18,11.88,11.95,12.02,-0.07,-0.5824,278753.43,334478.064
101,002120.SZ,20221121,12.26,12.26,11.85,12.02,12.31,-0.29,-2.3558,370744.32,444115.081
102,002120.SZ,20221118,12.56,12.73,12.29,12.31,12.5,-0.19,-1.52,316770.08,393752.697
103,002120.SZ,20221117,12.63,12.63,12.38,12.5,12.73,-0.23,-1.8068,248339.27,310035.23
104,002120.SZ,20221116,12.5,12.98,12.43,12.73,12.48,0.25,2.0032,461417.97,586109.878
105,002120.SZ,20221115,12.18,12.5,12.12,12.48,12.25,0.23,1.8776,496976.86,613084.193
106,002120.SZ,20221114,12.35,12.46,12.19,12.25,12.34,-0.09,-0.7293,328564.22,404323.24
107,002120.SZ,20221111,12.44,12.7,12.28,12.34,12.25,0.09,0.7347,532151.67,661602.669
108,002120.SZ,20221110,12.3,12.4,12.15,12.25,12.46,-0.21,-1.6854,264733.16,324252.122
109,002120.SZ,20221109,12.31,12.49,12.17,12.46,12.3,0.16,1.3008,275544.11,340055.377
110,002120.SZ,20221108,12.65,12.66,12.22,12.3,12.67,-0.37,-2.9203,380828.46,469280.872
111,002120.SZ,20221107,12.43,12.86,12.25,12.67,12.42,0.25,2.0129,366887.05,462165.301
112,002120.SZ,20221104,11.84,12.6,11.79,12.42,11.87,0.55,4.6335,606998.76,741311.687
113,002120.SZ,20221103,11.91,12.04,11.73,11.87,12.18,-0.31,-2.5452,520486.18,616255.803
114,002120.SZ,20221102,11.84,12.21,11.72,12.18,11.95,0.23,1.9247,786377.74,939967.56
115,002120.SZ,20221101,13.15,13.15,11.86,11.95,13.18,-1.23,-9.3323,971761.11,1161301.831
116,002120.SZ,20221031,13.99,13.99,13.18,13.18,14.64,-1.46,-9.9727,230938.0,305691.123
117,002120.SZ,20221028,15.4,15.45,14.56,14.64,15.6,-0.96,-6.1538,165061.69,246518.916
118,002120.SZ,20221027,15.57,15.85,15.37,15.6,15.51,0.09,0.5803,118566.04,185704.454
119,002120.SZ,20221026,14.93,15.6,14.82,15.51,14.87,0.64,4.304,147396.31,225980.794
120,002120.SZ,20221025,14.95,15.09,14.57,14.87,14.95,-0.08,-0.5351,108680.41,160979.214
121,002120.SZ,20221024,15.4,15.54,14.84,14.95,15.3,-0.35,-2.2876,142593.79,215476.759
122,002120.SZ,20221021,15.52,15.59,15.2,15.3,15.52,-0.22,-1.4175,125594.06,193261.774
123,002120.SZ,20221020,15.67,15.84,15.3,15.52,15.83,-0.31,-1.9583,165488.38,257170.861
124,002120.SZ,20221019,15.74,16.15,15.55,15.83,15.92,-0.09,-0.5653,120997.47,191844.256
125,002120.SZ,20221018,16.24,16.27,15.7,15.92,16.2,-0.28,-1.7284,137551.32,219702.327
126,002120.SZ,20221017,15.57,16.28,15.36,16.2,15.59,0.61,3.9128,193871.0,309207.766
127,002120.SZ,20221014,15.06,15.69,15.06,15.59,14.88,0.71,4.7715,203244.5,314976.552
128,002120.SZ,20221013,14.7,15.08,14.53,14.88,14.88,0.0,0.0,176707.71,263105.811
129,002120.SZ,20221012,14.96,14.99,14.19,14.88,14.95,-0.07,-0.4682,258930.06,376125.318
130,002120.SZ,20221011,15.28,15.28,14.86,14.95,15.21,-0.26,-1.7094,124656.77,186378.323
131,002120.SZ,20221010,15.65,15.75,15.15,15.21,15.65,-0.44,-2.8115,160426.02,247277.578
132,002120.SZ,20220930,15.8,15.99,15.51,15.65,15.91,-0.26,-1.6342,148311.05,232379.575
133,002120.SZ,20220929,16.59,16.63,15.63,15.91,16.36,-0.45,-2.7506,189358.1,304164.196
134,002120.SZ,20220928,16.6,17.17,16.33,16.36,16.7,-0.34,-2.0359,220202.89,367134.195
135,002120.SZ,20220927,16.02,16.78,15.79,16.7,16.01,0.69,4.3098,146132.56,239686.35
136,002120.SZ,20220926,16.15,16.33,15.9,16.01,16.37,-0.36,-2.1991,153444.44,246522.502
137,002120.SZ,20220923,16.95,17.26,16.29,16.37,16.69,-0.32,-1.9173,199327.62,330561.827
138,002120.SZ,20220922,17.33,17.33,16.53,16.69,17.46,-0.77,-4.4101,222602.35,373448.686
139,002120.SZ,20220921,17.42,17.57,17.15,17.46,17.41,0.05,0.2872,129013.26,223925.585
140,002120.SZ,20220920,18.14,18.34,17.23,17.41,18.05,-0.64,-3.5457,154798.95,271217.532
141,002120.SZ,20220919,17.82,18.18,17.45,18.05,17.89,0.16,0.8944,106037.94,189848.197
142,002120.SZ,20220916,18.36,18.8,17.83,17.89,18.43,-0.54,-2.93,119223.71,216746.958
143,002120.SZ,20220915,18.88,18.96,18.13,18.43,18.7,-0.27,-1.4439,113676.16,210683.298
144,002120.SZ,20220914,18.34,19.05,18.15,18.7,18.54,0.16,0.863,124742.43,234070.448
145,002120.SZ,20220913,18.42,19.1,17.99,18.54,18.26,0.28,1.5334,210025.74,392122.661
146,002120.SZ,20220909,17.65,18.52,17.56,18.26,17.65,0.61,3.4561,212298.04,384958.289
147,002120.SZ,20220908,17.43,18.08,17.31,17.65,17.43,0.22,1.2622,127717.67,226356.082
148,002120.SZ,20220907,17.54,17.66,17.1,17.43,17.73,-0.3,-1.692,146437.82,254597.102
149,002120.SZ,20220906,18.07,18.1,17.32,17.73,17.82,-0.09,-0.5051,189029.3,333185.329
150,002120.SZ,20220905,17.64,18.07,17.25,17.82,17.6,0.22,1.25,185847.89,330204.48
151,002120.SZ,20220902,18.05,18.15,17.5,17.6,17.93,-0.33,-1.8405,195708.37,346918.197
152,002120.SZ,20220901,17.71,18.52,17.57,17.93,16.84,1.09,6.4727,382353.78,689572.995
153,002120.SZ,20220831,17.08,17.08,16.31,16.84,17.28,-0.44,-2.5463,304047.27,508222.852
154,002120.SZ,20220830,17.49,17.6,17.18,17.28,17.46,-0.18,-1.0309,176719.58,306100.922
155,002120.SZ,20220829,17.96,17.96,17.38,17.46,17.97,-0.51,-2.8381,134714.09,236852.808
156,002120.SZ,20220826,18.1,18.63,17.9,17.97,17.91,0.06,0.335,133156.87,243370.853
157,002120.SZ,20220825,17.8,18.18,17.63,17.91,17.8,0.11,0.618,144927.56,258770.077
158,002120.SZ,20220824,18.21,18.45,17.76,17.8,18.21,-0.41,-2.2515,154483.79,278272.351
159,002120.SZ,20220823,18.52,18.65,18.09,18.21,18.74,-0.53,-2.8282,112507.08,205827.694
160,002120.SZ,20220822,18.73,19.4,18.5,18.74,18.87,-0.13,-0.6889,145345.61,273837.52
161,002120.SZ,20220819,18.98,19.5,18.78,18.87,18.96,-0.09,-0.4747,132663.17,252433.409
162,002120.SZ,20220818,18.98,19.18,18.68,18.96,18.81,0.15,0.7974,159423.38,302558.232
163,002120.SZ,20220817,17.86,18.99,17.7,18.81,17.76,1.05,5.9122,203089.21,376256.776
164,002120.SZ,20220816,17.79,18.15,17.59,17.76,17.79,-0.03,-0.1686,154617.59,275281.31
165,002120.SZ,20220815,17.84,18.24,17.66,17.79,17.8,-0.01,-0.0562,164216.66,292889.953
166,002120.SZ,20220812,17.51,18.04,17.37,17.8,17.63,0.17,0.9643,149881.59,265983.138
167,002120.SZ,20220811,17.2,17.79,16.86,17.63,17.0,0.63,3.7059,253876.72,441982.61
168,002120.SZ,20220810,17.48,17.55,16.89,17.0,17.48,-0.48,-2.746,130172.92,222606.753
169,002120.SZ,20220809,17.13,17.83,16.9,17.48,17.04,0.44,2.5822,222270.37,388951.259
170,002120.SZ,20220808,17.35,17.4,16.86,17.04,17.3,-0.26,-1.5029,154450.48,262907.418
171,002120.SZ,20220805,17.39,17.6,17.05,17.3,17.37,-0.07,-0.403,153954.09,266269.352
172,002120.SZ,20220804,17.89,17.89,17.22,17.37,17.77,-0.4,-2.251,161065.73,281132.758
173,002120.SZ,20220803,18.17,18.43,17.47,17.77,18.17,-0.4,-2.2014,121641.65,219181.59
174,002120.SZ,20220802,18.16,18.7,17.89,18.17,18.41,-0.24,-1.3036,180245.77,329099.124
175,002120.SZ,20220801,18.03,18.48,17.61,18.41,18.08,0.33,1.8252,159291.3,289490.597
176,002120.SZ,20220729,18.57,18.59,17.97,18.08,18.57,-0.49,-2.6387,99530.42,181379.432
177,002120.SZ,20220728,18.91,19.01,18.3,18.57,18.89,-0.32,-1.694,152938.46,283883.736
178,002120.SZ,20220727,18.88,19.03,18.65,18.89,18.89,0.0,0.0,90516.54,170858.398
179,002120.SZ,20220726,19.16,19.23,18.61,18.89,19.04,-0.15,-0.7878,146326.79,276391.456
180,002120.SZ,20220725,19.19,19.69,18.81,19.04,19.17,-0.13,-0.6781,252975.5,485872.318
181,002120.SZ,20220722,19.05,19.75,18.6,19.17,18.83,0.34,1.8056,359993.76,691812.985
182,002120.SZ,20220721,18.06,19.33,18.06,18.83,18.22,0.61,3.348,419514.84,792117.716
183,002120.SZ,20220720,17.06,18.47,17.05,18.22,17.4,0.82,4.7126,415145.88,748384.472
184,002120.SZ,20220719,16.04,17.46,15.9,17.4,15.88,1.52,9.5718,342116.19,583456.258
185,002120.SZ,20220718,15.58,16.03,15.2,15.88,15.74,0.14,0.8895,170374.56,266830.553
186,002120.SZ,20220715,16.01,16.19,15.71,15.74,16.18,-0.44,-2.7194,117111.91,186795.315
187,002120.SZ,20220714,16.16,16.42,16.0,16.18,16.27,-0.09,-0.5532,122595.85,198768.893
188,002120.SZ,20220713,16.68,16.68,16.17,16.27,16.55,-0.28,-1.6918,144113.36,235506.233
189,002120.SZ,20220712,17.12,17.16,16.45,16.55,17.06,-0.51,-2.9894,156843.27,261831.05
190,002120.SZ,20220711,17.4,17.97,16.86,17.06,17.37,-0.31,-1.7847,288667.02,495530.732
191,002120.SZ,20220708,17.0,17.68,16.82,17.37,16.63,0.74,4.4498,360432.43,625771.511
192,002120.SZ,20220707,16.8,16.81,16.44,16.63,16.69,-0.06,-0.3595,169463.73,281593.105
193,002120.SZ,20220706,17.35,17.5,16.6,16.74,17.23,-0.49,-2.8439,211253.84,355447.074
194,002120.SZ,20220705,17.24,17.47,16.88,17.23,17.25,-0.02,-0.1159,202471.34,348065.573
195,002120.SZ,20220704,17.04,17.49,16.62,17.25,17.06,0.19,1.1137,248141.89,426831.067
196,002120.SZ,20220701,17.2,17.63,16.98,17.06,17.06,0.0,0.0,184103.46,317257.595
197,002120.SZ,20220630,16.87,17.5,16.64,17.06,16.62,0.44,2.6474,362424.39,621069.056
198,002120.SZ,20220629,16.23,17.51,16.11,16.62,16.21,0.41,2.5293,470708.72,799381.941
199,002120.SZ,20220628,15.94,16.3,15.67,16.21,16.03,0.18,1.1229,190034.44,305483.524
200,002120.SZ,20220627,15.82,16.26,15.62,16.03,15.84,0.19,1.1995,280715.28,450879.437
201,002120.SZ,20220624,15.43,15.97,15.27,15.84,15.42,0.42,2.7237,298574.39,467577.506
202,002120.SZ,20220623,15.36,15.52,15.07,15.42,15.38,0.04,0.2601,141301.87,216229.459
203,002120.SZ,20220622,15.85,15.88,15.35,15.38,15.85,-0.47,-2.9653,177673.42,276569.258
204,002120.SZ,20220621,15.9,16.04,15.57,15.85,16.01,-0.16,-0.9994,196093.58,309916.95
205,002120.SZ,20220620,16.35,16.43,15.76,16.01,16.28,-0.27,-1.6585,261898.51,418841.134
206,002120.SZ,20220617,16.0,16.3,15.68,16.28,15.93,0.35,2.1971,172293.54,276179.752
207,002120.SZ,20220616,16.19,16.35,15.78,15.93,16.22,-0.29,-1.7879,268888.61,431285.955
208,002120.SZ,20220615,16.22,16.85,16.15,16.22,16.42,-0.2,-1.218,288239.62,473278.418
209,002120.SZ,20220614,16.8,16.96,15.98,16.42,17.0,-0.58,-3.4118,326881.75,532346.833
210,002120.SZ,20220613,17.32,17.58,16.89,17.0,17.5,-0.5,-2.8571,275828.31,471443.981
211,002120.SZ,20220610,17.27,17.62,17.08,17.5,17.3,0.2,1.1561,140223.67,243316.624
212,002120.SZ,20220609,17.58,17.74,17.17,17.3,17.7,-0.4,-2.2599,158148.2,275293.889
213,002120.SZ,20220608,17.69,18.02,17.29,17.7,17.71,-0.01,-0.0565,170587.18,300673.297
214,002120.SZ,20220607,17.27,17.8,17.06,17.71,17.28,0.43,2.4884,289246.69,505483.822
215,002120.SZ,20220606,17.01,17.62,17.01,17.28,17.25,0.03,0.1739,196645.84,340949.477
216,002120.SZ,20220602,17.37,17.38,16.63,17.25,17.2,0.05,0.2907,318442.58,540809.971
217,002120.SZ,20220601,17.81,17.94,17.01,17.2,18.16,-0.96,-5.2863,357074.43,617662.511
218,002120.SZ,20220531,18.06,18.22,17.27,18.16,18.05,0.11,0.6094,343535.79,606641.934
219,002120.SZ,20220530,17.96,18.32,17.72,18.05,17.95,0.1,0.5571,195806.55,354504.851
220,002120.SZ,20220527,18.0,18.54,17.72,17.95,18.0,-0.05,-0.2778,221714.18,401175.436
221,002120.SZ,20220526,17.63,18.26,17.27,18.0,17.63,0.37,2.0987,254025.45,451543.682
222,002120.SZ,20220525,16.68,17.94,16.4,17.63,16.87,0.76,4.505,263916.36,460744.384
223,002120.SZ,20220524,17.05,17.4,16.78,16.87,17.13,-0.26,-1.5178,215948.01,368844.571
224,002120.SZ,20220523,16.75,17.6,16.43,17.13,16.42,0.71,4.324,369450.56,635145.619
225,002120.SZ,20220520,15.59,16.74,15.48,16.42,15.52,0.9,5.799,306185.5,494520.561
226,002120.SZ,20220519,15.34,15.57,15.06,15.52,15.55,-0.03,-0.1929,147941.72,226115.88
227,002120.SZ,20220518,16.0,16.0,15.33,15.55,16.0,-0.45,-2.8125,129723.76,201604.067
228,002120.SZ,20220517,15.78,16.06,15.6,16.0,15.98,0.02,0.1252,104892.57,166633.454
229,002120.SZ,20220516,15.91,16.23,15.43,15.98,16.16,-0.18,-1.1139,218854.69,345501.986
230,002120.SZ,20220513,15.98,16.33,15.82,16.16,15.88,0.28,1.7632,104385.68,167661.261
231,002120.SZ,20220512,16.03,16.29,15.71,15.88,16.29,-0.41,-2.5169,126290.62,201709.152
232,002120.SZ,20220511,15.56,16.6,15.56,16.29,15.55,0.74,4.7588,220179.88,358340.153
233,002120.SZ,20220510,14.98,15.84,14.87,15.55,15.21,0.34,2.2354,202719.82,313253.545
234,002120.SZ,20220509,15.18,15.5,15.1,15.21,15.21,0.0,0.0,104879.17,160104.629
235,002120.SZ,20220506,15.0,15.58,15.0,15.21,15.58,-0.37,-2.3748,102903.05,157961.627
236,002120.SZ,20220505,15.84,15.84,14.92,15.58,15.44,0.14,0.9067,270462.61,417387.878
237,002120.SZ,20220429,14.04,15.5,13.94,15.44,14.09,1.35,9.5813,363572.25,539907.998
238,002120.SZ,20220428,15.08,15.27,13.74,14.09,14.56,-0.47,-3.228,444520.05,630613.68
239,002120.SZ,20220427,13.91,14.83,13.85,14.56,14.87,-0.31,-2.0847,427217.16,610085.387
240,002120.SZ,20220426,15.46,15.65,14.63,14.87,15.33,-0.46,-3.0007,158842.32,238179.624
241,002120.SZ,20220425,16.65,16.65,15.13,15.33,16.81,-1.48,-8.8043,167934.82,268074.281
242,002120.SZ,20220422,16.5,17.15,16.2,16.81,16.6,0.21,1.2651,99508.64,166323.243
243,002120.SZ,20220421,16.52,17.22,16.44,16.6,16.84,-0.24,-1.4252,79846.91,133781.3
244,002120.SZ,20220420,16.88,17.29,16.71,16.84,17.0,-0.16,-0.9412,72869.76,123024.698
245,002120.SZ,20220419,17.46,17.6,16.92,17.0,17.15,-0.15,-0.8746,81555.49,140679.157
246,002120.SZ,20220418,17.02,17.4,16.85,17.15,17.33,-0.18,-1.0387,80252.99,137447.516
247,002120.SZ,20220415,17.79,17.88,17.3,17.33,17.96,-0.63,-3.5078,128872.06,226200.23
248,002120.SZ,20220414,17.36,18.43,17.21,17.96,17.64,0.32,1.8141,148646.42,263683.103
249,002120.SZ,20220413,17.27,18.09,17.13,17.64,17.4,0.24,1.3793,255182.12,453679.802
250,002120.SZ,20220412,15.84,17.6,15.79,17.4,16.25,1.15,7.0769,288738.8,488129.079
251,002120.SZ,20220411,16.35,16.9,16.1,16.25,16.07,0.18,1.1201,286512.71,468294.551
252,002120.SZ,20220408,16.49,16.55,15.88,16.07,16.47,-0.4,-2.4287,163360.38,262355.619
253,002120.SZ,20220407,16.66,17.15,16.41,16.47,16.53,-0.06,-0.363,173087.4,288672.951
254,002120.SZ,20220406,17.4,17.52,15.86,16.53,17.53,-1.0,-5.7045,426740.31,701739.876
255,002120.SZ,20220401,17.35,17.76,16.98,17.53,17.56,-0.03,-0.1708,146510.18,255011.228
256,002120.SZ,20220331,17.22,17.95,16.95,17.56,17.25,0.31,1.7971,105507.54,186014.923
257,002120.SZ,20220330,16.76,17.39,16.76,17.25,16.72,0.53,3.1699,138264.64,236239.27
258,002120.SZ,20220329,16.52,17.05,16.3,16.72,16.57,0.15,0.9053,130487.73,217977.237
259,002120.SZ,20220328,17.09,17.09,16.31,16.57,17.2,-0.63,-3.6628,134331.48,222661.078
260,002120.SZ,20220325,17.7,17.75,17.0,17.2,17.8,-0.6,-3.3708,131005.49,226074.867
261,002120.SZ,20220324,18.12,18.26,17.6,17.8,18.31,-0.51,-2.7854,122675.53,219379.519
262,002120.SZ,20220323,17.82,18.48,17.52,18.31,17.92,0.39,2.1763,128348.09,233288.838
263,002120.SZ,20220322,18.59,18.59,17.4,17.92,18.09,-0.17,-0.9397,127168.42,226800.885
264,002120.SZ,20220321,18.84,18.93,17.8,18.09,18.84,-0.75,-3.9809,150311.6,274323.533
265,002120.SZ,20220318,18.71,18.92,18.51,18.84,18.76,0.08,0.4264,77032.43,144613.644
266,002120.SZ,20220317,18.0,19.04,18.0,18.76,17.99,0.77,4.2802,174598.37,325506.127
267,002120.SZ,20220316,17.6,18.08,16.7,17.99,17.24,0.75,4.3503,131173.66,229130.898
268,002120.SZ,20220315,18.48,18.5,17.2,17.24,18.6,-1.36,-7.3118,198056.2,352801.765
269,002120.SZ,20220314,19.52,20.07,18.54,18.6,19.52,-0.92,-4.7131,157458.35,302014.023
270,002120.SZ,20220311,19.29,19.69,18.88,19.52,19.65,-0.13,-0.6616,209462.04,404318.915
271,002120.SZ,20220310,19.05,20.16,19.05,19.65,18.43,1.22,6.6196,290863.96,571506.531
272,002120.SZ,20220309,18.33,19.12,17.5,18.43,18.16,0.27,1.4868,182542.21,335013.185
273,002120.SZ,20220308,19.19,19.48,17.88,18.16,19.2,-1.04,-5.4167,275884.59,504352.511
274,002120.SZ,20220307,19.33,19.4,18.8,19.2,19.53,-0.33,-1.6897,108289.73,207416.319
275,002120.SZ,20220304,19.55,19.99,19.2,19.53,19.98,-0.45,-2.2523,117309.66,230912.744
276,002120.SZ,20220303,20.0,20.53,19.75,19.98,19.98,0.0,0.0,97315.35,194651.132
277,002120.SZ,20220302,19.3,20.15,19.05,19.98,19.3,0.68,3.5233,107668.48,212208.929
278,002120.SZ,20220301,19.54,19.55,19.08,19.3,19.39,-0.09,-0.4642,107593.74,207660.976
279,002120.SZ,20220228,19.76,19.76,19.29,19.39,19.64,-0.25,-1.2729,74421.87,144853.556
280,002120.SZ,20220225,19.72,20.18,19.4,19.64,19.57,0.07,0.3577,82139.13,162606.36
281,002120.SZ,20220224,19.6,20.25,19.39,19.57,19.78,-0.21,-1.0617,168137.96,334200.798
282,002120.SZ,20220223,18.58,20.1,18.35,19.78,18.54,1.24,6.6882,132817.84,257301.45
283,002120.SZ,20220222,18.54,18.72,18.2,18.54,18.75,-0.21,-1.12,69187.92,128001.611
284,002120.SZ,20220221,19.48,19.48,18.12,18.75,18.51,0.24,1.2966,154934.79,289300.044
285,002120.SZ,20220218,18.51,18.56,18.11,18.51,18.51,0.0,0.0,80235.8,147621.798
286,002120.SZ,20220217,18.43,18.6,18.3,18.51,18.41,0.1,0.5432,58851.78,108720.735
287,002120.SZ,20220216,18.64,18.91,18.3,18.41,18.64,-0.23,-1.2339,76389.03,141516.034
288,002120.SZ,20220215,18.5,18.65,18.11,18.64,18.38,0.26,1.4146,90628.49,167199.693
289,002120.SZ,20220214,19.23,19.41,18.28,18.38,19.4,-1.02,-5.2577,190823.54,354641.704
290,002120.SZ,20220211,19.36,20.08,19.18,19.4,19.58,-0.18,-0.9193,82189.54,160744.931
291,002120.SZ,20220210,20.0,20.14,19.39,19.58,19.93,-0.35,-1.7561,68283.28,134039.984
292,002120.SZ,20220209,20.15,20.58,19.71,19.93,20.15,-0.22,-1.0918,79320.13,158432.597
293,002120.SZ,20220208,20.22,20.44,19.94,20.15,20.33,-0.18,-0.8854,77712.23,156288.047
294,002120.SZ,20220207,19.8,20.53,19.76,20.33,19.59,0.74,3.7774,106877.68,216352.84
295,002120.SZ,20220128,19.98,20.19,19.31,19.59,19.78,-0.19,-0.9606,77996.52,154069.562
296,002120.SZ,20220127,20.28,20.49,19.67,19.78,20.34,-0.56,-2.7532,100693.94,202169.767
297,002120.SZ,20220126,19.8,20.63,19.69,20.34,19.8,0.54,2.7273,111585.13,226591.962
298,002120.SZ,20220125,20.49,20.84,19.8,19.8,20.47,-0.67,-3.2731,113994.15,229089.345
299,002120.SZ,20220124,20.81,20.93,20.23,20.47,20.96,-0.49,-2.3378,125216.3,256820.702
300,002120.SZ,20220121,21.06,21.6,20.69,20.96,20.96,0.0,0.0,81988.04,172619.725
301,002120.SZ,20220120,21.02,21.45,20.68,20.96,21.06,-0.1,-0.4748,111849.4,235114.455
302,002120.SZ,20220119,21.65,21.79,20.28,21.06,21.64,-0.58,-2.6802,158012.49,331044.829
303,002120.SZ,20220118,21.51,21.88,21.26,21.64,21.74,-0.1,-0.46,87904.49,189724.717
304,002120.SZ,20220117,21.85,22.12,21.42,21.74,21.92,-0.18,-0.8212,85488.57,185401.486
305,002120.SZ,20220114,21.15,22.2,20.96,21.92,21.22,0.7,3.2988,152817.83,331536.228
306,002120.SZ,20220113,21.33,21.91,21.22,21.22,21.68,-0.46,-2.1218,108636.34,232694.962
307,002120.SZ,20220112,22.07,22.5,21.38,21.68,21.68,0.0,0.0,210642.11,459679.236
308,002120.SZ,20220111,22.8,23.38,21.5,21.68,21.43,0.25,1.1666,327242.29,733898.716
309,002120.SZ,20220110,21.76,22.0,20.92,21.43,21.75,-0.32,-1.4713,139804.57,300987.953
310,002120.SZ,20220107,22.0,22.27,21.13,21.75,22.09,-0.34,-1.5392,211875.51,460353.386
311,002120.SZ,20220106,21.39,22.38,21.37,22.09,21.25,0.84,3.9529,245672.76,539564.797
312,002120.SZ,20220105,21.48,21.85,21.03,21.25,21.28,-0.03,-0.141,208109.47,447265.987
313,002120.SZ,20220104,20.38,21.83,20.38,21.28,20.46,0.82,4.0078,179955.91,383420.073
314,002120.SZ,20211231,20.56,20.75,20.3,20.46,20.5,-0.04,-0.1951,65909.74,135298.29
315,002120.SZ,20211230,21.06,21.22,20.2,20.5,21.07,-0.57,-2.7053,192733.81,395861.688
316,002120.SZ,20211229,21.18,21.4,20.25,21.07,21.39,-0.32,-1.496,205398.91,428918.083
317,002120.SZ,20211228,21.68,21.68,21.12,21.39,21.7,-0.31,-1.4286,77638.61,165504.265
318,002120.SZ,20211227,21.1,21.9,20.62,21.7,21.19,0.51,2.4068,106442.2,227137.595
319,002120.SZ,20211224,20.96,21.54,20.46,21.19,20.97,0.22,1.0491,100331.63,211138.767
320,002120.SZ,20211223,21.33,21.82,20.82,20.97,21.06,-0.09,-0.4274,119250.15,252809.908
321,002120.SZ,20211222,19.8,21.35,19.8,21.06,19.95,1.11,5.5639,229072.96,480455.973
322,002120.SZ,20211221,20.24,20.27,19.8,19.95,20.28,-0.33,-1.6272,108902.85,217714.349
323,002120.SZ,20211220,20.2,20.66,20.03,20.28,20.02,0.26,1.2987,99349.77,202024.015
324,002120.SZ,20211217,20.14,20.19,19.81,20.02,20.2,-0.18,-0.8911,88547.27,176912.35
325,002120.SZ,20211216,20.26,20.56,19.95,20.2,20.15,0.05,0.2481,85328.99,172370.409
326,002120.SZ,20211215,20.02,20.69,19.91,20.15,20.02,0.13,0.6494,134896.75,274629.676
327,002120.SZ,20211214,20.43,20.6,19.9,20.02,20.43,-0.41,-2.0069,161041.43,324250.678
328,002120.SZ,20211213,20.8,21.22,20.29,20.43,20.93,-0.5,-2.3889,156812.1,323132.294
329,002120.SZ,20211210,21.02,21.22,20.75,20.93,21.04,-0.11,-0.5228,114077.71,239513.757
330,002120.SZ,20211209,21.02,21.33,20.73,21.04,21.05,-0.01,-0.0475,125183.23,263456.638
331,002120.SZ,20211208,20.22,21.5,19.99,21.05,20.18,0.87,4.3112,214846.05,445816.338
332,002120.SZ,20211207,20.32,20.56,20.01,20.18,20.36,-0.18,-0.8841,111074.82,224886.658
333,002120.SZ,20211206,20.06,20.67,19.79,20.36,20.06,0.3,1.4955,122202.15,247792.158
334,002120.SZ,20211203,20.01,20.57,19.83,20.06,19.95,0.11,0.5514,91015.51,183506.612
335,002120.SZ,20211202,19.88,20.35,19.71,19.95,20.09,-0.14,-0.6969,76522.48,153526.898
336,002120.SZ,20211201,19.88,20.36,19.52,20.09,19.88,0.21,1.0563,91617.1,182482.588
337,002120.SZ,20211130,19.86,20.25,19.21,19.88,19.34,0.54,2.7921,133334.8,263695.221
338,002120.SZ,20211129,19.21,19.63,18.93,19.34,19.63,-0.29,-1.4773,92357.83,178291.276
339,002120.SZ,20211126,19.89,20.0,19.44,19.63,19.95,-0.32,-1.604,68927.66,135578.848
340,002120.SZ,20211125,20.24,20.29,19.63,19.95,20.11,-0.16,-0.7956,85127.72,169488.612
341,002120.SZ,20211124,20.01,20.54,19.93,20.11,20.25,-0.14,-0.6914,123786.15,249361.255
342,002120.SZ,20211123,20.3,20.57,19.61,20.25,20.5,-0.25,-1.2195,200138.22,400447.258
343,002120.SZ,20211122,20.5,20.98,19.77,20.5,20.88,-0.38,-1.8199,371928.48,758645.327
344,002120.SZ,20211119,19.44,20.88,19.41,20.88,18.98,1.9,10.0105,279224.98,576471.516
345,002120.SZ,20211118,18.42,19.45,18.28,18.98,18.45,0.53,2.8726,211815.85,405067.608
346,002120.SZ,20211117,18.45,18.67,18.1,18.45,18.49,-0.04,-0.2163,129644.55,239177.259
347,002120.SZ,20211116,18.16,18.61,17.9,18.49,18.3,0.19,1.0383,153977.18,282389.632
348,002120.SZ,20211115,18.21,18.95,18.02,18.3,18.27,0.03,0.1642,228347.03,421752.602
349,002120.SZ,20211112,18.37,18.48,17.83,18.27,18.37,-0.1,-0.5444,126186.12,229787.353
350,002120.SZ,20211111,17.36,18.69,17.3,18.37,17.42,0.95,5.4535,218430.01,398611.188
351,002120.SZ,20211110,17.15,17.75,16.88,17.42,17.05,0.37,2.1701,192499.79,334676.537
352,002120.SZ,20211109,17.56,17.56,16.83,17.05,17.56,-0.51,-2.9043,135665.7,231332.599
353,002120.SZ,20211108,17.17,17.61,17.03,17.56,17.14,0.42,2.4504,198229.78,344083.861
354,002120.SZ,20211105,16.78,17.27,16.44,17.14,16.84,0.3,1.7815,272755.23,462628.074
355,002120.SZ,20211104,17.31,17.44,16.39,16.84,17.32,-0.48,-2.7714,214918.42,360338.017
356,002120.SZ,20211103,17.04,17.65,16.96,17.32,17.28,0.04,0.2315,178347.44,307898.52
357,002120.SZ,20211102,17.3,17.76,16.38,17.28,17.41,-0.13,-0.7467,354008.72,607417.556
358,002120.SZ,20211101,18.94,19.49,17.1,17.41,18.67,-1.26,-6.7488,425635.84,758627.04
359,002120.SZ,20211029,18.56,18.87,18.4,18.67,18.52,0.15,0.8099,105340.1,196129.078
360,002120.SZ,20211028,18.98,19.15,18.3,18.52,18.97,-0.45,-2.3722,95064.96,177545.562
361,002120.SZ,20211027,19.12,19.25,18.78,18.97,19.12,-0.15,-0.7845,113778.72,215702.987
362,002120.SZ,20211026,19.36,19.59,19.0,19.12,19.66,-0.54,-2.7467,136852.59,263118.862
363,002120.SZ,20211025,19.29,19.85,18.88,19.66,19.39,0.27,1.3925,117915.03,229309.157
364,002120.SZ,20211022,20.2,20.45,19.33,19.39,20.32,-0.93,-4.5768,215837.23,424588.248
365,002120.SZ,20211021,19.99,20.66,19.4,20.32,19.69,0.63,3.1996,256630.23,517369.923
366,002120.SZ,20211020,19.23,20.0,19.0,19.69,19.25,0.44,2.2857,315347.81,617454.779
367,002120.SZ,20211019,17.4,19.25,17.25,19.25,17.5,1.75,10.0,418797.2,776132.936
368,002120.SZ,20211018,17.36,17.68,16.95,17.5,17.37,0.13,0.7484,110488.33,192332.942
369,002120.SZ,20211015,17.56,17.7,17.01,17.37,17.33,0.04,0.2308,106313.31,184624.719
370,002120.SZ,20211014,17.73,18.12,17.21,17.33,17.89,-0.56,-3.1302,119413.97,209032.737
371,002120.SZ,20211013,17.75,18.06,17.51,17.89,17.74,0.15,0.8455,126387.22,225278.291
372,002120.SZ,20211012,18.33,18.4,16.84,17.74,18.32,-0.58,-3.1659,257670.11,451065.793
373,002120.SZ,20211011,19.6,19.64,18.18,18.32,19.75,-1.43,-7.2405,203954.26,381294.638
374,002120.SZ,20211008,19.97,20.0,18.86,19.75,19.25,0.5,2.5974,195427.32,378599.239
375,002120.SZ,20210930,19.42,19.7,18.97,19.25,19.15,0.1,0.5222,147474.49,284457.121
376,002120.SZ,20210929,19.61,20.39,19.03,19.15,19.52,-0.37,-1.8955,231007.66,453464.035
377,002120.SZ,20210928,20.1,20.26,19.43,19.52,20.21,-0.69,-3.4142,199680.75,393898.62
378,002120.SZ,20210927,20.9,21.15,19.98,20.21,20.99,-0.78,-3.7161,273478.64,558724.184
379,002120.SZ,20210924,21.18,22.28,20.73,20.99,21.68,-0.69,-3.1827,314643.18,671429.57
380,002120.SZ,20210923,21.01,22.38,20.96,21.68,20.87,0.81,3.8812,411481.34,882741.498
381,002120.SZ,20210922,18.7,20.87,18.45,20.87,18.97,1.9,10.0158,294401.37,594633.149
382,002120.SZ,20210917,17.7,19.0,17.5,18.97,17.71,1.26,7.1146,182964.75,337312.755
383,002120.SZ,20210916,18.33,18.33,17.6,17.71,17.93,-0.22,-1.227,130031.36,233189.399
384,002120.SZ,20210915,18.38,18.74,17.73,17.93,18.72,-0.79,-4.2201,196163.74,356407.983
385,002120.SZ,20210914,18.64,19.01,17.93,18.72,18.57,0.15,0.8078,208784.45,386852.753
386,002120.SZ,20210913,17.78,18.76,17.56,18.57,18.27,0.3,1.642,188155.39,343369.677
387,002120.SZ,20210910,18.0,18.72,17.99,18.27,18.28,-0.01,-0.0547,234035.72,432450.449
388,002120.SZ,20210909,17.44,18.33,17.33,18.28,17.6,0.68,3.8636,297090.97,534905.119
389,002120.SZ,20210908,17.68,18.2,17.03,17.6,17.8,-0.2,-1.1236,225601.36,394809.27
390,002120.SZ,20210907,17.98,17.98,17.24,17.8,18.02,-0.22,-1.2209,298809.17,523081.138
391,002120.SZ,20210906,17.69,18.64,17.4,18.02,17.69,0.33,1.8655,395888.38,719331.421
392,002120.SZ,20210903,18.06,18.7,17.61,17.69,17.71,-0.02,-0.1129,433194.17,784811.314
393,002120.SZ,20210902,17.15,18.62,16.87,17.71,16.95,0.76,4.4838,598554.23,1057696.873
394,002120.SZ,20210901,15.57,16.95,15.5,16.95,15.41,1.54,9.9935,463333.29,769362.064
395,002120.SZ,20210831,15.73,15.98,15.03,15.41,16.17,-0.76,-4.7001,383580.25,591992.435
396,002120.SZ,20210830,15.9,16.31,15.61,16.17,14.83,1.34,9.0357,537354.48,866504.497
397,002120.SZ,20210827,15.32,15.38,14.68,14.83,15.31,-0.48,-3.1352,143383.63,214388.439
398,002120.SZ,20210826,15.06,15.53,14.53,15.31,15.11,0.2,1.3236,216432.28,325141.453
399,002120.SZ,20210825,15.4,15.5,14.93,15.11,15.39,-0.28,-1.8194,218041.21,330056.297
400,002120.SZ,20210824,14.89,15.76,14.8,15.39,14.92,0.47,3.1501,278105.56,430113.249
401,002120.SZ,20210823,14.66,15.29,14.22,14.92,14.4,0.52,3.6111,365067.2,543506.487
402,002120.SZ,20210820,14.6,15.25,14.31,14.4,14.3,0.1,0.6993,416316.62,617609.075
403,002120.SZ,20210819,14.0,14.36,13.91,14.3,14.02,0.28,1.9971,214166.01,303133.059
404,002120.SZ,20210818,13.93,14.19,13.7,14.02,13.92,0.1,0.7184,114282.81,159216.424
405,002120.SZ,20210817,13.9,14.35,13.74,13.92,13.9,0.02,0.1439,177257.24,249934.995
406,002120.SZ,20210816,13.88,14.07,13.8,13.9,13.85,0.05,0.361,92032.89,128112.996
407,002120.SZ,20210813,13.6,14.06,13.56,13.85,13.67,0.18,1.3168,126971.03,175950.401
408,002120.SZ,20210812,13.56,13.85,13.51,13.67,13.67,0.0,0.0,81860.04,112021.854
409,002120.SZ,20210811,13.9,14.09,13.64,13.67,13.91,-0.24,-1.7254,106271.08,146239.533
410,002120.SZ,20210810,13.73,14.0,13.5,13.91,13.78,0.13,0.9434,115027.73,158484.011
411,002120.SZ,20210809,13.47,14.09,13.34,13.78,13.47,0.31,2.3014,159920.69,220906.7
412,002120.SZ,20210806,13.74,13.81,13.37,13.47,13.7,-0.23,-1.6788,154327.76,209132.191
413,002120.SZ,20210805,13.73,13.86,13.52,13.7,13.81,-0.11,-0.7965,148599.0,203797.351
414,002120.SZ,20210804,13.69,14.0,13.54,13.81,13.68,0.13,0.9503,185965.28,256429.85
415,002120.SZ,20210803,14.28,14.48,13.58,13.68,14.34,-0.66,-4.6025,214124.91,296326.486
416,002120.SZ,20210802,13.08,14.34,13.06,14.34,13.04,1.3,9.9693,201983.83,279424.93
417,002120.SZ,20210730,13.0,13.13,12.88,13.04,13.2,-0.16,-1.2121,128276.1,166384.465
418,002120.SZ,20210729,13.29,13.33,12.98,13.2,13.08,0.12,0.9174,167636.88,219732.935
419,002120.SZ,20210728,13.59,13.79,13.01,13.08,13.8,-0.72,-5.2174,234778.77,311045.278
420,002120.SZ,20210727,14.57,14.79,13.8,13.8,14.46,-0.66,-4.5643,210546.62,299887.438
421,002120.SZ,20210726,13.89,14.73,13.72,14.46,13.92,0.54,3.8793,290897.82,415494.562
422,002120.SZ,20210723,14.03,14.08,13.55,13.92,14.05,-0.13,-0.9253,132076.73,182611.063
423,002120.SZ,20210722,14.48,14.49,13.94,14.05,14.48,-0.43,-2.9696,136721.32,192939.055
424,002120.SZ,20210721,14.57,14.77,14.34,14.48,14.55,-0.07,-0.4811,112658.68,163261.9
425,002120.SZ,20210720,14.89,15.43,14.45,14.55,14.97,-0.42,-2.8056,153685.2,227614.339
426,002120.SZ,20210719,14.8,15.07,14.63,14.97,14.8,0.17,1.1486,112668.21,167410.947
427,002120.SZ,20210716,15.12,15.31,14.75,14.8,15.12,-0.32,-2.1164,119001.94,177952.624
428,002120.SZ,20210715,15.71,15.75,14.96,15.17,15.88,-0.71,-4.471,212229.59,322661.187
429,002120.SZ,20210714,15.72,16.0,15.39,15.88,15.73,0.15,0.9536,241748.89,381057.583
430,002120.SZ,20210713,16.21,16.43,15.59,15.73,16.5,-0.77,-4.6667,308932.73,491070.24
431,002120.SZ,20210712,16.6,16.86,16.1,16.5,16.15,0.35,2.1672,503464.94,834424.425
432,002120.SZ,20210709,14.77,16.21,14.7,16.15,14.79,1.36,9.1954,569213.51,886576.914
433,002120.SZ,20210708,14.43,15.06,14.21,14.79,14.45,0.34,2.3529,532219.34,785312.566
434,002120.SZ,20210707,13.35,14.45,13.35,14.45,13.14,1.31,9.9696,243777.09,345862.806
435,002120.SZ,20210706,13.09,13.23,12.97,13.14,13.08,0.06,0.4587,92183.21,121104.753
436,002120.SZ,20210705,13.16,13.16,12.9,13.08,13.08,0.0,0.0,42480.62,55229.289
437,002120.SZ,20210702,13.3,13.38,12.92,13.08,13.26,-0.18,-1.3575,71704.0,93667.233
438,002120.SZ,20210701,13.59,13.69,13.23,13.26,13.53,-0.27,-1.9956,61279.09,82228.061
439,002120.SZ,20210630,13.33,13.85,13.27,13.53,13.35,0.18,1.3483,142370.15,194039.546
440,002120.SZ,20210629,13.0,13.53,12.84,13.35,13.0,0.35,2.6923,160961.44,213577.652
441,002120.SZ,20210628,13.02,13.09,12.94,13.0,13.02,-0.02,-0.1536,87833.43,114309.007
442,002120.SZ,20210625,12.96,13.06,12.8,13.02,12.96,0.06,0.463,81151.56,105056.898
443,002120.SZ,20210624,13.29,13.46,12.94,12.96,13.12,-0.16,-1.2195,124119.04,163163.898
444,002120.SZ,20210623,13.18,13.22,13.03,13.12,13.27,-0.15,-1.1304,56358.83,73865.534
445,002120.SZ,20210622,13.25,13.39,13.15,13.27,13.3,-0.03,-0.2256,62711.96,83059.788
446,002120.SZ,20210621,13.05,13.46,12.96,13.3,13.12,0.18,1.372,85069.75,112417.058
447,002120.SZ,20210618,13.17,13.28,13.06,13.12,13.17,-0.05,-0.3797,57758.72,75892.494
448,002120.SZ,20210617,13.41,13.42,13.1,13.17,13.39,-0.22,-1.643,62908.79,83161.82
449,002120.SZ,20210616,13.52,13.63,13.35,13.39,13.63,-0.24,-1.7608,65835.37,88530.613
450,002120.SZ,20210615,14.02,14.04,13.29,13.63,13.9,-0.27,-1.9424,152202.07,205489.324
451,002120.SZ,20210611,14.03,14.78,13.87,13.9,13.9,0.0,0.0,211087.1,301827.635
452,002120.SZ,20210610,13.76,13.94,13.7,13.9,13.76,0.14,1.0174,77288.36,106871.804
453,002120.SZ,20210609,13.81,13.94,13.74,13.76,13.85,-0.09,-0.6498,61842.65,85355.124
454,002120.SZ,20210608,13.8,13.91,13.69,13.85,13.85,0.0,0.0,79096.05,109302.481
455,002120.SZ,20210607,14.1,14.15,13.74,13.85,14.08,-0.23,-1.6335,108353.77,149889.452
456,002120.SZ,20210604,14.06,14.3,14.01,14.08,14.19,-0.11,-0.7752,71983.14,101709.285
457,002120.SZ,20210603,14.31,14.45,14.19,14.19,14.33,-0.14,-0.977,68415.5,97745.073
458,002120.SZ,20210602,14.22,14.38,13.98,14.33,14.21,0.12,0.8445,149270.63,211947.875
459,002120.SZ,20210601,14.44,14.44,14.15,14.21,14.39,-0.18,-1.2509,119689.6,170521.559
460,002120.SZ,20210531,14.45,14.47,14.22,14.39,14.52,-0.13,-0.8953,87391.93,125425.06
461,002120.SZ,20210528,14.77,14.79,14.36,14.52,14.89,-0.37,-2.4849,141751.71,205908.4
462,002120.SZ,20210527,14.71,15.14,14.55,14.89,14.68,0.21,1.4305,128540.63,190763.999
463,002120.SZ,20210526,14.7,14.89,14.47,14.68,14.67,0.01,0.0682,119229.65,175056.38
464,002120.SZ,20210525,14.45,14.73,14.39,14.67,14.58,0.09,0.6173,88440.45,129040.17
465,002120.SZ,20210524,14.43,14.7,14.06,14.58,14.49,0.09,0.6211,142162.34,203474.772
466,002120.SZ,20210521,14.86,14.89,14.42,14.49,14.8,-0.31,-2.0946,89238.26,129668.765
467,002120.SZ,20210520,14.73,15.03,14.46,14.8,15.01,-0.21,-1.3991,130604.65,192009.466
468,002120.SZ,20210519,15.13,15.2,14.75,15.01,15.21,-0.2,-1.3149,99875.13,149454.502
469,002120.SZ,20210518,15.1,15.35,15.07,15.21,15.2,0.01,0.0658,109439.91,166260.489
470,002120.SZ,20210517,15.45,15.51,15.09,15.2,15.45,-0.25,-1.6181,172298.88,263432.714
471,002120.SZ,20210514,15.4,15.63,15.22,15.45,15.4,0.05,0.3247,124306.75,191693.203
472,002120.SZ,20210513,15.13,15.58,14.94,15.4,15.13,0.27,1.7845,150704.75,230332.597
473,002120.SZ,20210512,15.6,15.6,14.84,15.13,15.25,-0.12,-0.7869,149039.28,224321.405
474,002120.SZ,20210511,15.83,15.89,15.0,15.25,15.67,-0.42,-2.6803,217532.27,332164.184
475,002120.SZ,20210510,15.46,15.73,15.41,15.67,15.46,0.21,1.3583,136089.16,212247.123
476,002120.SZ,20210507,16.25,16.28,15.35,15.46,16.0,-0.54,-3.375,171999.84,268787.98
477,002120.SZ,20210506,16.08,16.64,15.94,16.0,16.1,-0.1,-0.6211,248718.96,405555.969
478,002120.SZ,20210430,15.05,16.16,15.04,16.1,15.64,0.46,2.9412,310154.66,489002.795
479,002120.SZ,20210429,15.71,15.94,15.53,15.64,15.77,-0.13,-0.8244,221528.92,347071.456
480,002120.SZ,20210428,15.86,16.05,15.47,15.77,15.9,-0.13,-0.8176,289465.52,455798.326
481,002120.SZ,20210427,16.08,16.34,15.46,15.9,15.64,0.26,1.6624,500041.31,792723.721
482,002120.SZ,20210426,14.55,15.64,14.39,15.64,14.22,1.42,9.9859,882729.45,1341921.726
483,002120.SZ,20210423,13.44,14.22,13.44,14.22,12.93,1.29,9.9768,447043.21,628316.751
484,002120.SZ,20210422,13.13,13.15,12.86,12.93,13.1,-0.17,-1.2977,104073.65,135159.006
485,002120.SZ,20210421,12.91,13.22,12.8,13.1,13.0,0.1,0.7692,109191.06,142736.434
486,002120.SZ,20210420,13.01,13.44,12.95,13.0,12.91,0.09,0.6971,184483.97,243141.497
487,002120.SZ,20210419,12.71,12.99,12.6,12.91,12.77,0.14,1.0963,120151.11,154297.783
488,002120.SZ,20210416,12.85,13.0,12.76,12.77,12.85,-0.08,-0.6226,98084.19,125852.98
489,002120.SZ,20210415,12.83,12.93,12.62,12.85,12.81,0.04,0.3123,106102.5,135419.782
490,002120.SZ,20210414,12.73,12.9,12.7,12.81,12.66,0.15,1.1848,101925.18,130488.192
491,002120.SZ,20210413,12.91,13.03,12.63,12.66,12.97,-0.31,-2.3901,129773.47,165828.901
492,002120.SZ,20210412,13.32,13.4,12.88,12.97,13.32,-0.35,-2.6276,136849.15,178968.471
493,002120.SZ,20210409,13.51,13.52,13.15,13.32,13.67,-0.35,-2.5604,153341.83,203286.36
494,002120.SZ,20210408,13.96,13.97,13.63,13.67,13.98,-0.31,-2.2175,115960.09,159512.513
495,002120.SZ,20210407,14.0,14.05,13.86,13.98,13.98,0.0,0.0,60124.44,83768.23
496,002120.SZ,20210406,14.0,14.03,13.88,13.98,14.08,-0.1,-0.7102,56124.62,78278.481
497,002120.SZ,20210402,13.9,14.2,13.9,14.08,13.93,0.15,1.0768,92435.78,129915.537
498,002120.SZ,20210401,14.04,14.1,13.81,13.93,14.04,-0.11,-0.7835,98288.41,136893.948
499,002120.SZ,20210331,14.12,14.47,13.51,14.04,14.16,-0.12,-0.8475,306076.58,426281.819
500,002120.SZ,20210330,15.46,15.83,13.96,14.16,15.51,-1.35,-8.7041,356420.23,527079.638
501,002120.SZ,20210329,15.28,15.52,15.26,15.51,15.36,0.15,0.9766,80963.42,124540.47
502,002120.SZ,20210326,15.19,15.45,15.13,15.36,15.19,0.17,1.1192,67482.96,103188.23
503,002120.SZ,20210325,15.03,15.23,15.01,15.19,15.08,0.11,0.7294,58610.94,88556.696
504,002120.SZ,20210324,15.34,15.42,15.02,15.08,15.4,-0.32,-2.0779,91741.77,138736.125
505,002120.SZ,20210323,15.63,15.7,15.26,15.4,15.64,-0.24,-1.5345,77844.34,120363.499
506,002120.SZ,20210322,15.57,15.78,15.55,15.64,15.62,0.02,0.128,50395.6,78722.431
507,002120.SZ,20210319,15.91,15.99,15.6,15.62,15.92,-0.3,-1.8844,88394.33,139469.936
508,002120.SZ,20210318,15.99,16.0,15.82,15.92,15.97,-0.05,-0.3131,55322.75,87929.074
509,002120.SZ,20210317,15.75,16.0,15.61,15.97,15.75,0.22,1.3968,54596.61,86544.049
510,002120.SZ,20210316,15.56,16.04,15.49,15.75,15.48,0.27,1.7442,89159.42,140728.092
511,002120.SZ,20210315,15.61,15.72,15.4,15.48,15.62,-0.14,-0.8963,62353.98,96882.21
512,002120.SZ,20210312,15.76,15.89,15.6,15.62,15.76,-0.14,-0.8883,59574.29,93377.585
513,002120.SZ,20210311,15.61,15.79,15.51,15.76,15.57,0.19,1.2203,59612.36,93418.74
514,002120.SZ,20210310,15.84,15.94,15.47,15.57,15.79,-0.22,-1.3933,77815.35,121611.712
515,002120.SZ,20210309,16.33,16.43,15.74,15.79,16.25,-0.46,-2.8308,107953.22,172528.493
516,002120.SZ,20210308,16.53,16.78,16.22,16.25,16.45,-0.2,-1.2158,72550.02,119460.861
517,002120.SZ,20210305,16.01,16.61,15.97,16.45,16.16,0.29,1.7946,80319.52,131025.208
518,002120.SZ,20210304,16.58,16.66,16.1,16.16,16.67,-0.51,-3.0594,98052.83,159695.197
519,002120.SZ,20210303,16.63,16.76,16.33,16.67,16.73,-0.06,-0.3586,79054.93,130736.54
520,002120.SZ,20210302,17.01,17.1,16.5,16.73,16.98,-0.25,-1.4723,75183.53,125735.558
521,002120.SZ,20210301,16.75,17.15,16.7,16.98,16.79,0.19,1.1316,70098.76,118796.579
522,002120.SZ,20210226,17.28,17.43,16.7,16.79,17.49,-0.7,-4.0023,139465.59,236468.942
523,002120.SZ,20210225,17.65,17.78,17.3,17.49,17.54,-0.05,-0.2851,79909.99,139822.401
524,002120.SZ,20210224,17.91,18.08,17.4,17.54,18.04,-0.5,-2.7716,156102.47,276447.497
525,002120.SZ,20210223,18.1,18.37,17.9,18.04,18.22,-0.18,-0.9879,132470.46,239544.986
526,002120.SZ,20210222,18.83,18.94,17.9,18.22,18.59,-0.37,-1.9903,257562.38,474431.439
527,002120.SZ,20210219,18.4,18.85,18.15,18.59,18.4,0.19,1.0326,186274.32,344696.085
528,002120.SZ,20210218,17.91,18.5,17.56,18.4,17.42,0.98,5.6257,243155.86,439774.871
529,002120.SZ,20210210,17.64,18.18,17.25,17.42,17.52,-0.1,-0.5708,155804.59,274767.083
530,002120.SZ,20210209,17.63,17.66,17.17,17.52,17.45,0.07,0.4011,121445.49,211176.094
531,002120.SZ,20210208,16.76,17.91,16.75,17.45,16.6,0.85,5.1205,185927.59,325064.592
532,002120.SZ,20210205,17.49,17.6,16.5,16.6,17.49,-0.89,-5.0886,205375.62,347794.506
533,002120.SZ,20210204,18.11,18.22,17.31,17.49,18.15,-0.66,-3.6364,198670.24,350401.488
534,002120.SZ,20210203,18.3,18.62,17.92,18.15,18.39,-0.24,-1.3051,217709.61,397040.115
535,002120.SZ,20210202,17.29,18.52,17.22,18.39,17.28,1.11,6.4236,235474.73,426874.418
536,002120.SZ,20210201,16.8,17.69,16.57,17.28,16.93,0.35,2.0673,143868.49,248628.694
537,002120.SZ,20210129,17.49,17.6,16.73,16.93,17.41,-0.48,-2.757,182022.45,313096.011
538,002120.SZ,20210128,18.03,18.28,17.2,17.41,18.35,-0.94,-5.1226,276657.69,492319.05
539,002120.SZ,20210127,19.0,19.0,18.05,18.35,18.99,-0.64,-3.3702,414820.3,762644.779
540,002120.SZ,20210126,17.7,19.37,17.51,18.99,17.61,1.38,7.8365,717885.1,1359673.668
541,002120.SZ,20210125,17.12,17.8,17.04,17.61,17.04,0.57,3.3451,235471.9,413896.154
542,002120.SZ,20210122,17.05,17.33,16.7,17.04,17.1,-0.06,-0.3509,173106.98,293620.175
543,002120.SZ,20210121,16.49,17.11,16.3,17.1,16.41,0.69,4.2048,227817.81,383785.888
544,002120.SZ,20210120,16.5,16.68,16.33,16.41,16.48,-0.07,-0.4248,141494.76,233253.08
545,002120.SZ,20210119,16.04,16.75,15.82,16.48,16.03,0.45,2.8072,189667.89,310398.727
546,002120.SZ,20210118,16.05,16.22,15.92,16.03,16.19,-0.16,-0.9883,95370.51,153098.416
547,002120.SZ,20210115,16.1,16.43,16.08,16.19,16.1,0.09,0.559,122420.97,199145.029
548,002120.SZ,20210114,15.79,16.25,15.7,16.1,15.76,0.34,2.1574,165911.1,266576.859
549,002120.SZ,20210113,15.34,15.82,15.15,15.76,15.31,0.45,2.9393,188312.11,291257.895
550,002120.SZ,20210112,15.43,15.55,15.16,15.31,15.39,-0.08,-0.5198,145434.5,223021.509
551,002120.SZ,20210111,15.71,15.83,15.31,15.39,15.63,-0.24,-1.5355,106283.94,165118.885
552,002120.SZ,20210108,15.22,15.7,15.22,15.63,15.3,0.33,2.1569,165267.69,256983.486
553,002120.SZ,20210107,15.99,16.03,15.14,15.3,16.04,-0.74,-4.6135,206881.18,319304.321
554,002120.SZ,20210106,16.52,16.53,16.0,16.04,16.41,-0.37,-2.2547,140209.18,225916.776
555,002120.SZ,20210105,15.8,16.56,15.74,16.41,15.84,0.57,3.5985,237135.9,385328.409
556,002120.SZ,20210104,15.7,15.97,15.53,15.84,15.7,0.14,0.8917,116920.22,184368.998
557,002120.SZ,20201231,15.52,15.81,15.45,15.7,15.43,0.27,1.7498,99924.78,156837.164
558,002120.SZ,20201230,15.42,15.54,15.3,15.43,15.42,0.01,0.0649,89608.85,137902.713
559,002120.SZ,20201229,15.15,15.52,15.09,15.42,15.18,0.24,1.581,138836.77,213728.573
560,002120.SZ,20201228,15.2,15.56,15.01,15.18,15.16,0.02,0.1319,168436.26,257075.482
561,002120.SZ,20201225,15.41,15.58,15.1,15.16,15.5,-0.34,-2.1935,166968.29,255644.744
562,002120.SZ,20201224,16.13,16.23,15.48,15.5,16.23,-0.73,-4.4978,203642.83,320231.547
563,002120.SZ,20201223,16.7,16.76,16.1,16.23,16.68,-0.45,-2.6978,175639.71,285529.188
564,002120.SZ,20201222,16.69,16.97,16.55,16.68,16.58,0.1,0.6031,128538.62,215884.947
565,002120.SZ,20201221,16.47,16.67,16.22,16.58,16.45,0.13,0.7903,100941.6,166398.25
566,002120.SZ,20201218,16.9,16.93,16.42,16.45,16.9,-0.45,-2.6627,142292.08,236030.067
567,002120.SZ,20201217,16.85,16.93,16.66,16.9,16.84,0.06,0.3563,106057.47,178347.353
568,002120.SZ,20201216,17.1,17.23,16.79,16.84,17.09,-0.25,-1.4628,140456.0,237717.874
569,002120.SZ,20201215,17.1,17.2,17.0,17.09,17.17,-0.08,-0.4659,90165.98,154145.7
570,002120.SZ,20201214,17.38,17.39,17.0,17.17,17.33,-0.16,-0.9233,89811.44,153918.542
571,002120.SZ,20201211,17.43,17.51,16.97,17.33,17.47,-0.14,-0.8014,148526.37,255611.547
572,002120.SZ,20201210,17.5,17.69,17.33,17.47,17.6,-0.13,-0.7386,76874.89,134358.319
573,002120.SZ,20201209,18.07,18.14,17.55,17.6,18.07,-0.47,-2.601,116966.92,208202.194
574,002120.SZ,20201208,18.0,18.38,18.0,18.07,18.03,0.04,0.2219,127264.91,230688.42
575,002120.SZ,20201207,18.07,18.24,17.9,18.03,18.07,-0.04,-0.2214,114825.81,207265.781
576,002120.SZ,20201204,17.95,18.2,17.85,18.07,17.97,0.1,0.5565,105614.16,190743.719
577,002120.SZ,20201203,17.8,18.07,17.63,17.97,17.7,0.27,1.5254,133682.66,239207.439
578,002120.SZ,20201202,17.52,17.71,17.36,17.7,17.52,0.18,1.0274,109421.75,191851.03
579,002120.SZ,20201201,17.22,17.53,17.21,17.52,17.2,0.32,1.8605,140806.41,244383.45
580,002120.SZ,20201130,17.3,17.45,17.15,17.2,17.29,-0.09,-0.5205,114589.0,198395.617
581,002120.SZ,20201127,17.26,17.39,17.18,17.29,17.29,0.0,0.0,96714.78,167013.616
582,002120.SZ,20201126,17.5,17.55,17.11,17.29,17.55,-0.26,-1.4815,126788.97,219262.143
583,002120.SZ,20201125,17.82,17.87,17.5,17.55,17.83,-0.28,-1.5704,147893.93,261092.95
584,002120.SZ,20201124,18.03,18.09,17.78,17.83,18.03,-0.2,-1.1093,101482.84,181286.502
585,002120.SZ,20201123,18.01,18.18,17.91,18.03,17.97,0.06,0.3339,142081.3,256549.363
586,002120.SZ,20201120,17.7,18.15,17.56,17.97,17.79,0.18,1.0118,157685.41,282819.893
587,002120.SZ,20201119,18.36,18.42,17.67,17.79,18.36,-0.57,-3.1046,334563.19,597832.121
588,002120.SZ,20201118,18.66,18.68,18.31,18.36,18.57,-0.21,-1.1309,115051.15,212139.401
589,002120.SZ,20201117,19.0,19.02,18.4,18.57,19.01,-0.44,-2.3146,142116.03,264845.865
590,002120.SZ,20201116,18.5,19.13,18.5,19.01,18.49,0.52,2.8123,166318.22,315101.128
591,002120.SZ,20201113,18.54,18.54,18.3,18.49,18.57,-0.08,-0.4308,75140.97,138310.721
592,002120.SZ,20201112,18.45,18.68,18.4,18.57,18.42,0.15,0.8143,120281.49,222962.609
593,002120.SZ,20201111,18.65,18.81,18.31,18.42,18.7,-0.28,-1.4973,144239.96,267334.655
594,002120.SZ,20201110,19.01,19.2,18.59,18.7,18.94,-0.24,-1.2672,163371.87,308422.065
595,002120.SZ,20201109,18.52,19.15,18.38,18.94,18.52,0.42,2.2678,214042.61,404145.618
596,002120.SZ,20201106,19.05,19.05,18.35,18.52,19.09,-0.57,-2.9859,226907.7,421124.661
597,002120.SZ,20201105,19.2,19.56,18.81,19.09,19.15,-0.06,-0.3133,196970.76,376706.248
598,002120.SZ,20201104,19.58,19.65,19.01,19.15,19.67,-0.52,-2.6436,141242.53,271137.552
599,002120.SZ,20201103,19.95,19.95,19.51,19.67,19.7,-0.03,-0.1523,112782.05,222055.058
600,002120.SZ,20201102,19.19,19.8,18.5,19.7,19.31,0.39,2.0197,194894.5,373306.516
601,002120.SZ,20201030,19.66,19.85,19.23,19.31,19.73,-0.42,-2.1287,117252.17,229298.075
602,002120.SZ,20201029,19.15,19.99,19.11,19.73,19.5,0.23,1.1795,135075.03,265763.027
603,002120.SZ,20201028,19.87,19.9,19.1,19.5,19.84,-0.34,-1.7137,115832.18,225064.481
604,002120.SZ,20201027,19.86,20.02,19.6,19.84,19.98,-0.14,-0.7007,113962.28,225469.329
605,002120.SZ,20201026,20.34,20.34,19.6,19.98,20.48,-0.5,-2.4414,198629.97,396252.695
606,002120.SZ,20201023,21.15,21.26,20.25,20.48,21.15,-0.67,-3.1678,158795.47,328528.918
607,002120.SZ,20201022,21.16,21.27,20.74,21.15,21.16,-0.01,-0.0473,194678.41,409866.014
608,002120.SZ,20201021,21.1,21.39,20.9,21.16,20.95,0.21,1.0024,251662.01,533676.935
609,002120.SZ,20201020,20.12,20.97,20.12,20.95,20.07,0.88,4.3847,239418.75,495353.783
610,002120.SZ,20201019,20.05,20.25,19.89,20.07,20.09,-0.02,-0.0996,124237.96,249509.278
611,002120.SZ,20201016,20.27,20.57,19.73,20.09,20.29,-0.2,-0.9857,145107.28,290881.832
612,002120.SZ,20201015,20.62,20.62,20.22,20.29,20.63,-0.34,-1.6481,124785.18,254121.909
613,002120.SZ,20201014,19.9,20.75,19.79,20.63,20.03,0.6,2.9955,313045.98,642116.206
614,002120.SZ,20201013,19.4,20.13,19.16,20.03,19.44,0.59,3.035,202269.69,397134.365
615,002120.SZ,20201012,19.11,19.54,19.11,19.44,19.06,0.38,1.9937,159277.57,308738.976
616,002120.SZ,20201009,18.99,19.25,18.94,19.06,18.73,0.33,1.7619,108632.45,207307.512
617,002120.SZ,20200930,18.78,18.94,18.53,18.73,18.74,-0.01,-0.0534,91815.5,172032.403
618,002120.SZ,20200929,18.52,18.84,18.52,18.74,18.46,0.28,1.5168,87783.28,164258.295
619,002120.SZ,20200928,18.88,18.97,18.4,18.46,18.89,-0.43,-2.2763,93334.53,174098.296
620,002120.SZ,20200925,18.96,19.06,18.77,18.89,18.88,0.01,0.053,69215.67,130786.992
621,002120.SZ,20200924,18.95,19.27,18.8,18.88,19.04,-0.16,-0.8403,106964.71,203137.186
622,002120.SZ,20200923,19.2,19.3,18.92,19.04,19.27,-0.23,-1.1936,107948.74,205962.497
623,002120.SZ,20200922,19.5,19.65,19.04,19.27,19.7,-0.43,-2.1827,146720.88,284150.751
624,002120.SZ,20200921,19.32,19.93,18.99,19.7,19.09,0.61,3.1954,266974.83,522500.626
625,002120.SZ,20200918,18.43,19.28,18.41,19.09,18.45,0.64,3.4688,275954.22,521763.669
626,002120.SZ,20200917,18.35,18.59,18.01,18.45,18.42,0.03,0.1629,129329.75,237011.755
627,002120.SZ,20200916,18.35,18.74,18.26,18.42,18.36,0.06,0.3268,122554.16,226352.654
628,002120.SZ,20200915,18.43,18.5,18.15,18.36,18.53,-0.17,-0.9174,142109.43,259996.608
629,002120.SZ,20200914,18.46,18.76,18.2,18.53,18.42,0.11,0.5972,200376.68,369820.179
630,002120.SZ,20200911,18.36,18.44,17.9,18.42,18.34,0.08,0.4362,177824.23,323535.158
631,002120.SZ,20200910,18.88,19.18,18.14,18.34,18.62,-0.28,-1.5038,266999.99,499069.882
632,002120.SZ,20200909,19.22,19.36,18.6,18.62,19.5,-0.88,-4.5128,236952.14,447281.849
633,002120.SZ,20200908,19.79,19.82,19.21,19.5,19.75,-0.25,-1.2658,191647.31,372624.597
634,002120.SZ,20200907,20.51,20.69,19.57,19.75,20.59,-0.84,-4.0797,256504.14,515860.226
635,002120.SZ,20200904,20.55,20.68,20.04,20.59,20.87,-0.28,-1.3416,204960.3,416731.819
636,002120.SZ,20200903,21.25,21.27,20.75,20.87,21.24,-0.37,-1.742,232101.44,486890.957
637,002120.SZ,20200902,20.95,21.38,20.83,21.24,20.83,0.41,1.9683,312059.14,660317.882
638,002120.SZ,20200901,20.75,21.07,20.55,20.83,20.78,0.05,0.2406,255487.8,531445.496
639,002120.SZ,20200831,21.09,21.25,20.72,20.78,21.7,-0.92,-4.2396,437574.16,914746.304
640,002120.SZ,20200828,21.19,21.73,21.1,21.7,21.11,0.59,2.7949,216468.66,463695.579
641,002120.SZ,20200827,21.15,21.36,20.85,21.11,21.2,-0.09,-0.4245,168788.5,356062.914
642,002120.SZ,20200826,21.8,22.24,20.96,21.2,21.7,-0.5,-2.3041,367619.82,790833.046
643,002120.SZ,20200825,22.41,22.48,21.58,21.7,22.41,-0.71,-3.1682,295288.39,648595.046
644,002120.SZ,20200824,22.49,22.91,22.15,22.41,22.52,-0.11,-0.4885,226011.34,506159.907
645,002120.SZ,20200821,22.88,22.97,22.22,22.52,22.75,-0.23,-1.011,158316.35,356658.365
646,002120.SZ,20200820,23.24,23.24,22.7,22.75,23.3,-0.55,-2.3605,148348.76,339266.636
647,002120.SZ,20200819,23.62,23.8,23.29,23.3,23.83,-0.53,-2.2241,165531.15,389093.876
648,002120.SZ,20200818,23.65,23.86,23.47,23.83,23.67,0.16,0.676,130308.32,308904.887
649,002120.SZ,20200817,23.36,23.86,23.12,23.67,23.34,0.33,1.4139,122578.32,288641.953
650,002120.SZ,20200814,22.95,23.36,22.71,23.34,23.28,0.06,0.2577,110507.06,254616.328
651,002120.SZ,20200813,23.19,23.5,23.19,23.28,23.12,0.16,0.692,84186.0,196299.306
652,002120.SZ,20200812,23.82,23.83,22.88,23.12,23.82,-0.7,-2.9387,171842.19,398786.37
653,002120.SZ,20200811,24.12,24.25,23.81,23.82,24.12,-0.3,-1.2438,131400.37,315579.259
654,002120.SZ,20200810,24.17,24.22,23.62,24.12,24.16,-0.04,-0.1656,139345.71,333933.711
655,002120.SZ,20200807,24.91,24.93,24.0,24.16,25.0,-0.84,-3.36,162802.47,395355.008
656,002120.SZ,20200806,24.4,25.14,24.4,25.0,24.4,0.6,2.459,247262.87,612135.505
657,002120.SZ,20200805,24.06,24.45,23.9,24.4,24.11,0.29,1.2028,152579.43,369248.767
658,002120.SZ,20200804,24.6,24.65,24.01,24.11,24.43,-0.32,-1.3099,128651.79,311500.045
659,002120.SZ,20200803,24.07,24.5,23.95,24.43,23.97,0.46,1.9191,172823.97,420826.279
660,002120.SZ,20200731,24.0,24.4,23.82,23.97,24.11,-0.14,-0.5807,164907.05,397225.04
661,002120.SZ,20200730,24.39,24.72,24.0,24.11,24.35,-0.24,-0.9856,132792.52,321891.066
662,002120.SZ,20200729,23.7,24.39,23.5,24.35,23.78,0.57,2.397,140549.17,338928.05
663,002120.SZ,20200728,23.62,24.03,23.6,23.78,23.7,0.08,0.3376,148345.94,352165.905
664,002120.SZ,20200727,24.0,24.38,23.55,23.7,24.0,-0.3,-1.25,103246.44,245825.055
665,002120.SZ,20200724,25.15,25.17,23.62,24.0,24.92,-0.92,-3.6918,170422.77,413823.049
666,002120.SZ,20200723,25.07,25.35,24.51,24.92,25.21,-0.29,-1.1503,155516.95,386891.543
667,002120.SZ,20200722,24.99,25.57,24.61,25.21,25.0,0.21,0.84,152955.01,387415.859
668,002120.SZ,20200721,25.35,25.59,24.99,25.0,25.34,-0.34,-1.3418,144012.55,362860.951
669,002120.SZ,20200720,23.83,25.4,23.83,25.34,23.83,1.51,6.3366,298304.65,741888.968
670,002120.SZ,20200717,24.25,24.46,23.37,23.83,24.32,-0.49,-2.0148,229015.19,547425.221
671,002120.SZ,20200716,25.38,25.58,24.31,24.32,25.25,-0.93,-3.6832,249169.78,622489.149
672,002120.SZ,20200715,25.1,25.84,25.1,25.25,25.09,0.16,0.6377,238955.86,608007.66
673,002120.SZ,20200714,25.9,25.9,24.7,25.09,25.96,-0.87,-3.3513,343635.4,867434.241
674,002120.SZ,20200713,25.73,26.05,25.73,25.96,25.86,0.1,0.3867,353896.1,916014.845
675,002120.SZ,20200710,26.2,26.46,25.7,25.86,26.12,-0.26,-0.9954,265531.94,692884.437
676,002120.SZ,20200709,26.14,26.62,25.93,26.12,26.1,0.02,0.0766,290638.78,762022.216
677,002120.SZ,20200708,26.26,26.28,25.68,26.1,26.38,-0.28,-1.0614,306140.03,793772.759
678,002120.SZ,20200707,25.68,26.47,25.37,26.38,25.64,0.74,2.8861,338219.93,880146.1
679,002120.SZ,20200706,25.09,25.93,25.05,25.64,25.21,0.43,1.7057,259923.69,663505.364
680,002120.SZ,20200703,24.83,25.45,24.71,25.21,25.33,-0.12,-0.4737,200304.41,501914.402
681,002120.SZ,20200702,24.88,25.74,24.59,25.33,24.88,0.45,1.8087,290234.3,732371.666
682,002120.SZ,20200701,24.45,24.91,24.23,24.88,24.45,0.43,1.7587,229990.07,563304.015
683,002120.SZ,20200630,24.75,24.78,24.32,24.45,24.66,-0.21,-0.8516,223888.67,547787.461
684,002120.SZ,20200629,24.57,24.76,24.35,24.66,24.59,0.07,0.2847,168438.27,412880.921
685,002120.SZ,20200624,24.77,24.8,24.36,24.59,24.81,-0.22,-0.8867,172755.47,423437.125
686,002120.SZ,20200623,24.6,25.02,24.42,24.81,24.7,0.11,0.4453,295889.52,728818.722
687,002120.SZ,20200622,26.16,26.17,24.48,24.7,26.01,-1.31,-5.0365,470670.52,1173749.426
688,002120.SZ,20200619,27.52,27.58,25.9,26.01,27.92,-1.91,-6.841,460388.64,1210149.186
689,002120.SZ,20200618,28.98,29.0,27.64,27.92,28.85,-0.93,-3.2236,277324.62,776836.971
690,002120.SZ,20200617,29.15,29.5,28.5,28.85,29.27,-0.42,-1.4349,163079.25,471438.064
691,002120.SZ,20200616,29.15,29.7,28.67,29.27,29.0,0.27,0.931,194054.33,565762.666
692,002120.SZ,20200615,28.9,29.56,28.54,29.0,29.01,-0.01,-0.0345,133314.99,388397.445
693,002120.SZ,20200612,28.0,29.93,27.98,29.01,28.77,0.24,0.8342,184778.23,538224.469
694,002120.SZ,20200611,38.55,38.72,37.01,37.64,38.5,-0.86,-2.2338,105288.75,398670.881
695,002120.SZ,20200610,39.06,39.15,38.3,38.5,38.92,-0.42,-1.0791,136630.31,526227.34
696,002120.SZ,20200609,36.9,39.37,36.3,38.92,37.12,1.8,4.8491,152633.7,581236.372
697,002120.SZ,20200608,36.42,37.34,36.2,37.12,36.26,0.86,2.3718,141117.54,521104.807
698,002120.SZ,20200605,34.6,36.6,34.53,36.26,34.68,1.58,4.5559,155045.01,555741.097
699,002120.SZ,20200604,34.38,35.15,33.86,34.68,34.39,0.29,0.8433,101397.82,348521.685
700,002120.SZ,20200603,33.6,35.05,33.23,34.39,33.98,0.41,1.2066,134483.24,459868.283
701,002120.SZ,20200602,34.08,34.28,32.8,33.98,33.96,0.02,0.0589,175643.76,588151.06
702,002120.SZ,20200601,33.01,34.83,32.8,33.96,33.37,0.59,1.7681,172797.04,585334.879
703,002120.SZ,20200529,33.0,33.37,32.24,33.37,32.85,0.52,1.583,120764.51,394240.296
704,002120.SZ,20200528,33.41,33.58,32.56,32.85,33.41,-0.56,-1.6761,77154.61,254576.52
705,002120.SZ,20200527,34.1,34.14,33.06,33.41,33.78,-0.37,-1.0953,110693.48,369492.404
706,002120.SZ,20200526,32.48,34.15,32.39,33.78,32.48,1.3,4.0025,161254.61,538640.612
707,002120.SZ,20200525,32.31,32.9,31.81,32.48,32.0,0.48,1.5,116610.74,378037.996
708,002120.SZ,20200522,32.47,33.03,31.7,32.0,32.46,-0.46,-1.4171,129208.13,418580.783
709,002120.SZ,20200521,32.68,32.85,32.1,32.46,32.68,-0.22,-0.6732,135333.92,440247.847
710,002120.SZ,20200520,33.92,33.93,32.33,32.68,33.7,-1.02,-3.0267,171443.26,563357.063
711,002120.SZ,20200519,33.3,35.65,33.3,33.7,33.65,0.05,0.1486,193954.86,666628.277
712,002120.SZ,20200518,33.4,34.19,32.6,33.65,32.42,1.23,3.794,221531.7,743065.423
713,002120.SZ,20200515,32.5,33.4,32.21,32.42,31.62,0.8,2.53,185692.56,608418.836
714,002120.SZ,20200514,32.0,32.48,31.51,31.62,31.51,0.11,0.3491,132294.29,421039.269
715,002120.SZ,20200513,32.14,32.4,31.13,31.51,32.21,-0.7,-2.1732,146352.64,462269.561
716,002120.SZ,20200512,32.0,33.78,31.78,32.21,31.78,0.43,1.3531,188186.25,608557.044
717,002120.SZ,20200511,30.92,32.05,30.5,31.78,29.93,1.85,6.1811,280729.13,883896.183
718,002120.SZ,20200508,29.05,30.58,28.91,29.93,28.91,1.02,3.5282,183304.72,549562.246
719,002120.SZ,20200507,29.31,29.31,28.82,28.91,29.3,-0.39,-1.3311,62284.58,180479.516
720,002120.SZ,20200506,29.51,29.54,28.58,29.3,29.57,-0.27,-0.9131,130352.12,379069.855
721,002120.SZ,20200430,30.0,30.3,29.36,29.57,29.34,0.23,0.7839,116368.14,344410.71
722,002120.SZ,20200429,29.85,29.85,29.29,29.34,29.85,-0.51,-1.7085,46398.2,136716.055
723,002120.SZ,20200428,29.9,30.07,29.18,29.85,29.7,0.15,0.5051,72653.73,216332.549
724,002120.SZ,20200427,29.74,30.9,29.51,29.7,29.75,-0.05,-0.1681,116719.8,351974.908
725,002120.SZ,20200424,30.3,30.39,29.59,29.75,30.39,-0.64,-2.106,62806.19,188168.958
726,002120.SZ,20200423,30.08,30.68,29.7,30.39,30.05,0.34,1.1314,73071.04,220329.169
727,002120.SZ,20200422,29.87,30.3,29.52,30.05,29.75,0.3,1.0084,73857.13,221357.289
728,002120.SZ,20200421,30.07,30.15,29.5,29.75,30.21,-0.46,-1.5227,70151.12,208485.106
729,002120.SZ,20200420,31.91,31.91,29.91,30.21,31.22,-1.01,-3.2351,186582.23,564577.087
730,002120.SZ,20200417,30.75,31.51,29.85,31.22,29.31,1.91,6.5165,196401.28,604871.466
731,002120.SZ,20200416,29.17,29.55,28.81,29.31,29.2,0.11,0.3767,60381.98,176652.705
732,002120.SZ,20200415,29.29,29.58,28.94,29.2,29.36,-0.16,-0.545,58314.31,170791.051
733,002120.SZ,20200414,28.35,29.5,28.11,29.36,27.98,1.38,4.9321,165182.0,480125.438
734,002120.SZ,20200413,28.61,28.61,27.9,27.98,28.61,-0.63,-2.202,68593.23,192506.775
735,002120.SZ,20200410,29.51,29.55,28.5,28.61,29.55,-0.94,-3.181,74534.77,215157.493
736,002120.SZ,20200409,30.0,30.0,29.41,29.55,29.8,-0.25,-0.8389,45837.39,135588.75
737,002120.SZ,20200408,30.5,30.5,29.6,29.8,30.4,-0.6,-1.9737,75236.33,225209.877
738,002120.SZ,20200407,30.28,30.79,29.88,30.4,29.87,0.53,1.7744,106577.59,324137.604
739,002120.SZ,20200403,29.48,30.38,29.03,29.87,29.5,0.37,1.2542,94185.03,280771.537
740,002120.SZ,20200402,29.4,29.77,28.81,29.5,29.73,-0.23,-0.7736,108839.59,319099.206
741,002120.SZ,20200401,29.84,32.81,28.8,29.73,30.81,-1.08,-3.5054,319786.41,969740.606
742,002120.SZ,20200331,28.38,30.81,28.15,30.81,28.01,2.8,9.9964,215800.5,650183.484
743,002120.SZ,20200330,28.02,28.22,27.26,28.01,27.89,0.12,0.4303,46986.31,131019.044
744,002120.SZ,20200327,27.61,28.2,27.51,27.89,27.35,0.54,1.9744,40395.63,112620.748
745,002120.SZ,20200326,28.26,28.35,27.23,27.35,28.21,-0.86,-3.0486,65979.94,182494.903
746,002120.SZ,20200325,28.55,28.82,27.84,28.21,28.12,0.09,0.3201,51210.58,144250.075
747,002120.SZ,20200324,27.7,28.39,27.41,28.12,27.7,0.42,1.5162,58559.28,164148.976
748,002120.SZ,20200323,26.8,27.77,26.8,27.7,27.38,0.32,1.1687,83832.19,230711.177
749,002120.SZ,20200320,27.45,27.58,26.9,27.38,27.07,0.31,1.1452,48995.72,133296.94
750,002120.SZ,20200319,27.3,27.63,26.8,27.07,27.49,-0.42,-1.5278,61903.34,167691.849
751,002120.SZ,20200318,28.61,28.92,27.0,27.49,28.38,-0.89,-3.136,62589.8,175357.407
752,002120.SZ,20200317,28.8,29.34,27.8,28.38,28.9,-0.52,-1.7993,62361.35,176672.355
753,002120.SZ,20200316,29.8,30.18,28.8,28.9,29.7,-0.8,-2.6936,57403.57,167988.188
754,002120.SZ,20200313,28.9,30.05,28.78,29.7,30.05,-0.35,-1.1647,71713.68,211069.362
755,002120.SZ,20200312,30.62,30.62,29.72,30.05,30.9,-0.85,-2.7508,62603.56,187666.34
756,002120.SZ,20200311,30.15,31.5,30.02,30.9,29.69,1.21,4.0754,160006.95,493883.568
757,002120.SZ,20200310,28.97,29.77,28.83,29.69,29.03,0.66,2.2735,71582.7,209852.657
758,002120.SZ,20200309,30.29,30.4,29.02,29.03,30.29,-1.26,-4.1598,86917.88,256699.791
759,002120.SZ,20200306,30.0,30.55,29.85,30.29,30.27,0.02,0.0661,59575.25,180462.009
760,002120.SZ,20200305,30.25,30.45,29.77,30.27,29.98,0.29,0.9673,76681.07,230910.648
761,002120.SZ,20200304,29.83,30.21,29.68,29.98,29.65,0.33,1.113,56765.14,169678.285
762,002120.SZ,20200303,29.78,30.49,29.45,29.65,29.55,0.1,0.3384,112749.18,336691.476
763,002120.SZ,20200302,29.5,29.92,29.04,29.55,29.58,-0.03,-0.1014,129969.84,383701.475
764,002120.SZ,20200228,29.55,29.97,28.69,29.58,30.51,-0.93,-3.0482,121318.75,355316.947
765,002120.SZ,20200227,31.15,31.88,30.1,30.51,31.65,-1.14,-3.6019,168236.11,514379.6
766,002120.SZ,20200226,32.48,32.62,31.6,31.65,32.98,-1.33,-4.0327,101053.23,322981.819
767,002120.SZ,20200225,32.09,33.12,31.92,32.98,32.5,0.48,1.4769,92224.16,300901.41
768,002120.SZ,20200224,32.95,32.95,31.92,32.5,32.79,-0.29,-0.8844,88437.16,285825.354
769,002120.SZ,20200221,33.0,33.31,32.48,32.79,33.0,-0.21,-0.6364,127987.98,421630.213
770,002120.SZ,20200220,32.6,33.1,32.4,33.0,32.67,0.33,1.0101,83100.35,272557.674
771,002120.SZ,20200219,32.64,32.97,32.17,32.67,32.91,-0.24,-0.7293,95088.72,310121.57
772,002120.SZ,20200218,33.22,33.22,32.1,32.91,33.5,-0.59,-1.7612,109281.45,356693.579
773,002120.SZ,20200217,32.23,33.53,31.42,33.5,31.11,2.39,7.6824,211826.06,694398.503
774,002120.SZ,20200214,30.78,31.19,30.36,31.11,30.85,0.26,0.8428,55300.47,170841.992
775,002120.SZ,20200213,31.6,31.72,30.83,30.85,31.69,-0.84,-2.6507,79675.44,247796.191
776,002120.SZ,20200212,31.64,31.95,31.31,31.69,31.6,0.09,0.2848,65924.29,208819.239
777,002120.SZ,20200211,32.0,32.22,31.42,31.6,31.73,-0.13,-0.4097,86421.78,275011.97
778,002120.SZ,20200210,32.4,32.4,31.35,31.73,32.4,-0.67,-2.0679,102055.04,322805.49
779,002120.SZ,20200207,33.12,33.38,31.68,32.4,33.78,-1.38,-4.0853,90557.32,294052.295
780,002120.SZ,20200206,32.13,34.56,31.4,33.78,32.13,1.65,5.1354,173732.41,580295.169
781,002120.SZ,20200205,30.15,32.78,29.9,32.13,30.51,1.62,5.3097,115455.07,360388.227
782,002120.SZ,20200204,28.8,30.6,28.57,30.51,28.91,1.6,5.5344,131810.66,387785.239
783,002120.SZ,20200203,26.69,29.6,26.69,28.91,29.66,-0.75,-2.5287,146682.75,420683.316
784,002120.SZ,20200123,30.8,31.55,29.22,29.66,31.14,-1.48,-4.7527,120216.74,363617.599
785,002120.SZ,20200122,32.34,32.82,30.8,31.14,32.34,-1.2,-3.7106,147194.42,462122.48
786,002120.SZ,20200121,32.7,33.2,31.55,32.34,32.3,0.04,0.1238,148061.17,481289.098
787,002120.SZ,20200120,30.52,32.6,30.52,32.3,30.43,1.87,6.1453,151249.44,481611.592
788,002120.SZ,20200117,30.5,30.97,30.27,30.43,30.45,-0.02,-0.0657,85746.75,262479.645
789,002120.SZ,20200116,31.15,31.22,30.41,30.45,31.08,-0.63,-2.027,64096.82,196112.003
790,002120.SZ,20200115,31.73,32.09,31.0,31.08,31.72,-0.64,-2.0177,82620.62,258483.996
791,002120.SZ,20200114,32.27,32.88,31.57,31.72,31.97,-0.25,-0.782,99125.4,317973.99
792,002120.SZ,20200113,31.77,32.07,31.37,31.97,31.55,0.42,1.3312,91083.37,290181.712
793,002120.SZ,20200110,32.33,32.39,31.45,31.55,32.22,-0.67,-2.0795,74570.17,236528.254
794,002120.SZ,20200109,32.59,32.89,31.97,32.22,32.21,0.01,0.031,88707.38,287009.414
795,002120.SZ,20200108,32.47,32.75,32.04,32.21,32.5,-0.29,-0.8923,71333.2,231682.974
796,002120.SZ,20200107,32.65,33.08,32.11,32.5,32.98,-0.48,-1.4554,119441.29,386575.0
797,002120.SZ,20200106,32.43,33.33,31.88,32.98,32.43,0.55,1.696,101451.9,334192.133
798,002120.SZ,20200103,32.43,33.25,32.32,32.43,32.93,-0.5,-1.5184,70041.61,228226.515
799,002120.SZ,20200102,33.49,33.5,32.15,32.93,33.3,-0.37,-1.1111,129952.82,427915.261
800,002120.SZ,20191231,33.11,33.51,32.32,33.3,33.07,0.23,0.6955,93620.95,308454.053
801,002120.SZ,20191230,32.65,33.58,32.65,33.07,32.45,0.62,1.9106,97879.27,325126.645
802,002120.SZ,20191227,31.13,32.58,31.1,32.45,31.15,1.3,4.1734,118077.42,380951.249
803,002120.SZ,20191226,30.96,31.27,30.7,31.15,31.14,0.01,0.0321,26418.92,82021.06
804,002120.SZ,20191225,31.54,31.8,30.88,31.14,31.81,-0.67,-2.1063,68713.85,213925.877
805,002120.SZ,20191224,30.92,32.35,30.84,31.81,30.92,0.89,2.8784,77151.94,244583.218
806,002120.SZ,20191223,31.9,31.9,30.22,30.92,31.87,-0.95,-2.9809,71791.87,222448.466
807,002120.SZ,20191220,30.82,32.15,30.64,31.87,30.91,0.96,3.1058,92437.38,293979.667
808,002120.SZ,20191219,30.6,31.15,30.26,30.91,30.45,0.46,1.5107,66693.46,205696.698
809,002120.SZ,20191218,31.05,31.05,30.06,30.45,30.95,-0.5,-1.6155,72939.66,221100.898
810,002120.SZ,20191217,31.14,31.21,30.72,30.95,31.41,-0.46,-1.4645,65341.39,201959.735
811,002120.SZ,20191216,30.59,31.65,30.25,31.41,30.34,1.07,3.5267,76733.51,239464.277
812,002120.SZ,20191213,30.2,31.0,29.84,30.34,29.77,0.57,1.9147,90626.74,277295.024
813,002120.SZ,20191212,29.0,29.98,28.91,29.77,29.09,0.68,2.3376,57003.71,169066.163
814,002120.SZ,20191211,29.66,29.69,28.91,29.09,29.54,-0.45,-1.5234,44418.93,129472.906
815,002120.SZ,20191210,29.52,29.78,29.17,29.54,29.51,0.03,0.1017,68904.87,203410.961
816,002120.SZ,20191209,29.8,29.95,28.95,29.51,29.88,-0.37,-1.2383,66475.5,195856.576
817,002120.SZ,20191206,30.42,30.42,29.53,29.88,30.09,-0.21,-0.6979,49039.77,146021.154
818,002120.SZ,20191205,29.32,30.38,29.15,30.09,29.45,0.64,2.1732,48468.18,145607.737
819,002120.SZ,20191204,29.0,29.79,28.76,29.45,28.95,0.5,1.7271,63481.68,185918.584
820,002120.SZ,20191203,29.01,29.4,28.55,28.95,28.83,0.12,0.4162,53554.21,155441.38
821,002120.SZ,20191202,29.17,29.4,28.77,28.83,29.07,-0.24,-0.8256,32075.26,92855.868
822,002120.SZ,20191129,29.37,29.64,28.71,29.07,29.63,-0.56,-1.89,46110.69,134122.318
823,002120.SZ,20191128,29.6,29.84,29.4,29.63,29.58,0.05,0.169,29940.78,88708.682
824,002120.SZ,20191127,30.22,30.5,29.08,29.58,30.53,-0.95,-3.1117,92911.88,275272.503
825,002120.SZ,20191126,30.76,31.1,29.91,30.53,30.71,-0.18,-0.5861,92155.14,278897.221
826,002120.SZ,20191125,31.58,32.0,30.27,30.71,31.58,-0.87,-2.7549,68556.25,210942.469
827,002120.SZ,20191122,32.45,32.45,31.5,31.58,32.31,-0.73,-2.2594,33514.23,106632.376
828,002120.SZ,20191121,31.88,32.74,31.88,32.31,32.3,0.01,0.031,23147.63,74850.325
829,002120.SZ,20191120,32.62,33.15,32.15,32.3,32.62,-0.32,-0.981,34330.35,111826.351
830,002120.SZ,20191119,31.8,32.79,31.53,32.62,31.82,0.8,2.5141,44502.45,144986.182
831,002120.SZ,20191118,31.63,32.15,31.39,31.82,31.62,0.2,0.6325,23983.85,76339.434
832,002120.SZ,20191115,32.88,32.89,31.57,31.62,32.25,-0.63,-1.9535,41556.17,132727.401
833,002120.SZ,20191114,31.72,32.45,31.53,32.25,31.67,0.58,1.8314,54896.74,176978.424
834,002120.SZ,20191113,31.82,31.9,31.27,31.67,31.8,-0.13,-0.4088,32168.03,101445.252
835,002120.SZ,20191112,31.32,32.53,31.1,31.8,31.2,0.6,1.9231,85238.84,272699.128
836,002120.SZ,20191111,31.8,31.98,31.03,31.2,31.89,-0.69,-2.1637,50254.77,157887.094
837,002120.SZ,20191108,32.29,32.58,31.78,31.89,32.25,-0.36,-1.1163,60044.46,192929.088
838,002120.SZ,20191107,32.38,32.74,32.06,32.25,32.51,-0.26,-0.7998,39577.85,127894.712
839,002120.SZ,20191106,32.43,32.9,32.24,32.51,32.77,-0.26,-0.7934,55457.28,180572.598
840,002120.SZ,20191105,32.8,33.08,32.31,32.77,32.8,-0.03,-0.0915,59642.8,195300.624
841,002120.SZ,20191104,33.99,33.99,32.4,32.8,33.84,-1.04,-3.0733,89543.36,293281.096
842,002120.SZ,20191101,32.74,33.98,32.02,33.84,32.88,0.96,2.9197,107749.98,356843.573
843,002120.SZ,20191031,32.5,33.72,32.38,32.88,33.45,-0.57,-1.704,87518.27,287403.385
844,002120.SZ,20191030,34.21,34.69,33.2,33.45,34.55,-1.1,-3.1838,63700.5,214269.625
845,002120.SZ,20191029,36.68,36.68,34.06,34.55,36.4,-1.85,-5.0824,96862.46,338799.795
846,002120.SZ,20191028,35.39,36.69,35.1,36.4,35.01,1.39,3.9703,86452.68,312409.333
847,002120.SZ,20191025,34.52,35.34,34.45,35.01,34.26,0.75,2.1891,64583.49,226327.632
848,002120.SZ,20191024,34.45,35.16,34.06,34.26,34.58,-0.32,-0.9254,36243.15,124755.787
849,002120.SZ,20191023,36.08,36.08,34.25,34.58,35.99,-1.41,-3.9178,52020.4,182212.637
850,002120.SZ,20191022,35.89,36.24,34.87,35.99,35.89,0.1,0.2786,60533.23,215382.318
851,002120.SZ,20191021,35.58,36.55,35.5,35.89,35.94,-0.05,-0.1391,54526.83,196587.187
852,002120.SZ,20191018,36.42,36.9,35.71,35.94,36.41,-0.47,-1.2909,43583.2,157394.674
853,002120.SZ,20191017,35.7,36.62,35.13,36.41,35.45,0.96,2.708,69416.97,250486.762
854,002120.SZ,20191016,35.6,35.78,35.12,35.45,35.3,0.15,0.4249,49265.0,175120.196
855,002120.SZ,20191015,35.13,35.43,34.6,35.3,35.13,0.17,0.4839,34128.18,119901.934
856,002120.SZ,20191014,35.08,35.61,35.05,35.13,34.7,0.43,1.2392,47586.56,167858.454
857,002120.SZ,20191011,34.99,35.33,34.67,34.7,35.07,-0.37,-1.055,45480.46,158969.14
858,002120.SZ,20191010,34.38,35.19,34.06,35.07,34.31,0.76,2.2151,51986.53,180325.954
859,002120.SZ,20191009,32.88,34.55,32.76,34.31,33.28,1.03,3.095,63472.73,215797.833
860,002120.SZ,20191008,34.39,34.39,32.67,33.28,34.4,-1.12,-3.2558,79857.32,265005.055
861,002120.SZ,20190930,33.08,34.69,33.08,34.4,33.34,1.06,3.1794,56151.83,191751.373
862,002120.SZ,20190927,33.12,33.79,32.68,33.34,33.23,0.11,0.331,61866.16,205513.958
863,002120.SZ,20190926,34.78,34.83,33.2,33.23,34.45,-1.22,-3.5414,61390.03,206628.171
864,002120.SZ,20190925,34.43,35.0,34.12,34.45,34.45,0.0,0.0,64878.43,224855.499
865,002120.SZ,20190924,34.94,34.94,34.1,34.45,34.6,-0.15,-0.4335,56327.24,193645.998
866,002120.SZ,20190923,35.61,35.64,33.98,34.6,35.84,-1.24,-3.4598,82593.1,285815.184
867,002120.SZ,20190920,36.93,36.95,35.62,35.84,36.93,-1.09,-2.9515,85786.69,308466.95
868,002120.SZ,20190919,37.32,37.89,36.58,36.93,36.83,0.1,0.2715,68076.83,252972.084
869,002120.SZ,20190918,36.08,36.96,36.08,36.83,36.11,0.72,1.9939,62322.4,228817.539
870,002120.SZ,20190917,36.25,36.47,35.85,36.11,36.25,-0.14,-0.3862,44264.97,160177.949
871,002120.SZ,20190916,36.1,36.37,35.8,36.25,35.9,0.35,0.9749,59165.2,213496.893
872,002120.SZ,20190912,36.0,36.0,35.26,35.9,35.78,0.12,0.3354,62476.58,222687.613
873,002120.SZ,20190911,36.41,36.8,35.63,35.78,36.2,-0.42,-1.1602,53859.07,193708.402
874,002120.SZ,20190910,37.3,37.3,35.72,36.2,37.0,-0.8,-2.1622,73177.96,265770.581
875,002120.SZ,20190909,37.22,37.38,36.56,37.0,36.88,0.12,0.3254,52140.43,192526.54
876,002120.SZ,20190906,37.39,37.39,36.37,36.88,37.04,-0.16,-0.432,57267.12,210643.187
877,002120.SZ,20190905,37.37,38.1,36.93,37.04,37.3,-0.26,-0.6971,73396.42,274862.653
878,002120.SZ,20190904,38.13,38.13,36.58,37.3,38.11,-0.81,-2.1254,71892.82,266468.731
879,002120.SZ,20190903,37.05,39.2,36.72,38.11,36.98,1.13,3.0557,84997.57,323703.482
880,002120.SZ,20190902,37.01,37.3,36.35,36.98,36.72,0.26,0.7081,55909.9,207020.123
881,002120.SZ,20190830,37.12,37.66,36.45,36.72,37.8,-1.08,-2.8571,106394.62,392744.938
882,002120.SZ,20190829,39.09,39.09,36.65,37.8,38.85,-1.05,-2.7027,84350.89,317854.574
883,002120.SZ,20190828,37.98,39.97,37.33,38.85,37.61,1.24,3.297,77369.13,299005.796
884,002120.SZ,20190827,37.06,39.71,37.06,37.61,36.76,0.85,2.3123,153419.18,583417.611
885,002120.SZ,20190826,36.02,37.29,36.02,36.76,36.88,-0.12,-0.3254,63361.92,233164.985
886,002120.SZ,20190823,35.07,37.19,35.07,36.88,35.2,1.68,4.7727,71478.12,260237.641
887,002120.SZ,20190822,34.92,35.46,34.7,35.2,34.9,0.3,0.8596,33545.07,117869.631
888,002120.SZ,20190821,35.05,35.52,34.73,34.9,35.5,-0.6,-1.6901,48024.9,168293.549
889,002120.SZ,20190820,36.36,36.68,35.01,35.5,35.85,-0.35,-0.9763,63553.04,226365.125
890,002120.SZ,20190819,35.09,35.87,34.49,35.85,34.96,0.89,2.5458,45336.19,159622.101
891,002120.SZ,20190816,35.2,35.2,34.12,34.96,35.2,-0.24,-0.6818,50166.62,174037.042
892,002120.SZ,20190815,33.39,35.25,33.13,35.2,33.73,1.47,4.3581,52997.19,182665.513
893,002120.SZ,20190814,34.41,34.41,33.51,33.73,33.99,-0.26,-0.7649,40511.99,137151.131
894,002120.SZ,20190813,33.09,34.91,32.71,33.99,33.13,0.86,2.5958,52119.5,177312.393
895,002120.SZ,20190812,33.38,33.65,32.7,33.13,33.4,-0.27,-0.8084,41894.38,138294.915
896,002120.SZ,20190809,33.7,34.29,33.3,33.4,33.9,-0.5,-1.4749,29404.34,98842.457
897,002120.SZ,20190808,34.57,35.15,33.5,33.9,33.95,-0.05,-0.1473,55487.2,188946.881
898,002120.SZ,20190807,33.37,34.54,33.01,33.95,32.95,1.0,3.0349,40616.51,137705.051
899,002120.SZ,20190806,32.58,33.91,32.35,32.95,33.35,-0.4,-1.1994,47051.87,156140.34
900,002120.SZ,20190805,34.21,34.36,33.35,33.35,34.45,-1.1,-3.193,41867.54,141586.113
901,002120.SZ,20190802,33.6,35.08,33.5,34.45,34.4,0.05,0.1453,55045.67,188548.064
902,002120.SZ,20190801,35.31,35.47,33.52,34.4,35.3,-0.9,-2.5496,63903.48,220043.572
903,002120.SZ,20190731,35.21,35.58,35.08,35.3,35.34,-0.04,-0.1132,24406.45,86183.753
904,002120.SZ,20190730,35.77,36.3,35.26,35.34,35.93,-0.59,-1.6421,38269.55,135703.544
905,002120.SZ,20190729,36.82,36.82,35.59,35.93,36.75,-0.82,-2.2313,48053.7,172879.111
906,002120.SZ,20190726,35.2,36.97,35.09,36.75,35.22,1.53,4.3441,59796.91,217260.089
907,002120.SZ,20190725,35.44,35.86,34.9,35.22,35.4,-0.18,-0.5085,26968.07,95082.233
908,002120.SZ,20190724,34.1,35.43,33.64,35.4,34.0,1.4,4.1176,52222.82,182227.744
909,002120.SZ,20190723,33.99,34.18,33.55,34.0,34.4,-0.4,-1.1628,41907.03,141896.967
910,002120.SZ,20190722,33.8,35.59,33.39,34.4,33.93,0.47,1.3852,89358.53,307961.208
911,002120.SZ,20190719,32.49,34.57,32.42,33.93,31.85,2.08,6.5306,59524.21,198729.026
912,002120.SZ,20190718,32.2,32.22,31.71,31.85,32.32,-0.47,-1.4542,31382.75,100065.709
913,002120.SZ,20190717,31.7,32.7,31.4,32.32,31.59,0.73,2.3109,27600.22,88465.974
914,002120.SZ,20190716,31.44,31.7,31.25,31.59,31.73,-0.14,-0.4412,23059.79,72661.769
915,002120.SZ,20190715,31.7,31.82,30.5,31.73,31.4,0.33,1.051,35170.25,110507.162
916,002120.SZ,20190712,31.25,31.8,31.2,31.4,31.49,-0.09,-0.2858,28383.51,89492.792
917,002120.SZ,20190711,31.99,32.13,31.05,31.49,31.92,-0.43,-1.3471,40560.49,127687.055
918,002120.SZ,20190710,31.4,32.1,30.88,31.92,31.05,0.87,2.8019,39666.2,125251.861
919,002120.SZ,20190709,31.09,31.35,30.38,31.05,31.05,0.0,0.0,32231.99,99586.523
920,002120.SZ,20190708,30.95,31.23,30.6,31.05,30.99,0.06,0.1936,50128.27,154730.338
921,002120.SZ,20190705,30.95,31.36,30.62,30.99,30.97,0.02,0.0646,24291.77,75316.584
922,002120.SZ,20190704,31.4,31.87,30.71,30.97,31.57,-0.6,-1.9005,40428.26,125705.8
923,002120.SZ,20190703,32.19,32.28,31.31,31.57,31.95,-0.38,-1.1894,43939.46,139795.651
924,002120.SZ,20190702,32.19,32.96,31.6,31.95,31.99,-0.04,-0.125,53914.38,173459.178
925,002120.SZ,20190701,31.01,32.52,31.01,31.99,30.82,1.17,3.7962,58447.99,186462.194
926,002120.SZ,20190628,30.95,31.05,30.51,30.82,30.94,-0.12,-0.3878,34570.96,106543.676
927,002120.SZ,20190627,30.77,31.16,30.69,30.94,30.6,0.34,1.1111,57498.88,177910.124
928,002120.SZ,20190626,30.98,31.02,30.47,30.6,30.98,-0.38,-1.2266,41263.7,126745.927
929,002120.SZ,20190625,31.0,31.0,30.5,30.98,30.75,0.23,0.748,38817.8,119334.616
930,002120.SZ,20190624,31.28,31.28,30.5,30.75,31.28,-0.53,-1.6944,59238.44,182165.292
931,002120.SZ,20190621,31.1,31.28,30.75,31.28,31.05,0.23,0.7407,71300.92,220870.971
932,002120.SZ,20190620,30.76,31.75,30.28,31.05,30.65,0.4,1.3051,87088.92,271187.879
933,002120.SZ,20190619,30.01,31.5,30.0,30.65,29.33,1.32,4.5005,63528.95,194509.014
934,002120.SZ,20190618,29.77,29.77,29.1,29.33,29.92,-0.59,-1.9719,22489.77,65865.818
935,002120.SZ,20190617,29.97,29.97,28.95,29.92,28.88,1.04,3.6011,29384.39,87039.347
936,002120.SZ,20190614,29.49,29.77,28.88,28.88,29.47,-0.59,-2.002,31188.15,91085.838
937,002120.SZ,20190613,29.83,30.17,29.33,29.47,29.83,-0.36,-1.2068,22861.32,67691.596
938,002120.SZ,20190612,29.62,30.2,29.09,29.83,29.47,0.36,1.2216,29699.49,88237.862
939,002120.SZ,20190611,37.66,39.01,37.42,38.79,37.31,1.48,3.9668,30175.74,116435.364
940,002120.SZ,20190610,36.9,37.71,36.66,37.31,37.12,0.19,0.5119,24576.44,91930.264
941,002120.SZ,20190606,37.24,37.86,36.6,37.12,37.83,-0.71,-1.8768,21513.34,80047.671
942,002120.SZ,20190605,38.29,38.7,37.33,37.83,38.11,-0.28,-0.7347,22311.43,85003.469
943,002120.SZ,20190604,38.6,38.79,37.25,38.11,39.08,-0.97,-2.4821,19929.53,76042.774
944,002120.SZ,20190603,39.9,40.0,38.6,39.08,38.8,0.28,0.7216,31264.43,122892.173
945,002120.SZ,20190531,39.66,40.5,38.19,38.8,39.55,-0.75,-1.8963,26484.78,103930.411
946,002120.SZ,20190530,38.75,39.8,38.67,39.55,39.23,0.32,0.8157,24051.11,94561.611
947,002120.SZ,20190529,38.4,39.99,36.1,39.23,38.69,0.54,1.3957,27526.76,107855.585
948,002120.SZ,20190528,38.48,38.95,38.2,38.69,38.39,0.3,0.7815,22477.43,86884.986
949,002120.SZ,20190527,38.99,39.1,38.02,38.39,38.45,-0.06,-0.156,27418.29,105373.662
950,002120.SZ,20190524,38.72,39.3,38.23,38.45,39.01,-0.56,-1.4355,13492.21,52283.499
951,002120.SZ,20190523,39.32,39.73,38.67,39.01,39.32,-0.31,-0.7884,16776.37,65658.241
952,002120.SZ,20190522,39.29,39.79,38.89,39.32,39.4,-0.08,-0.203,30161.54,118974.589
953,002120.SZ,20190521,37.99,39.8,37.84,39.4,37.94,1.46,3.8482,37149.52,144877.821
954,002120.SZ,20190520,37.08,38.1,36.37,37.94,37.2,0.74,1.9892,29595.47,111245.156
955,002120.SZ,20190517,37.79,37.88,37.17,37.2,37.82,-0.62,-1.6393,20902.25,78615.349
956,002120.SZ,20190516,37.88,37.97,37.35,37.82,37.54,0.28,0.7459,13069.4,49217.186
957,002120.SZ,20190515,36.7,38.09,36.1,37.54,36.32,1.22,3.359,24793.58,92369.07
958,002120.SZ,20190514,35.65,36.61,35.41,36.32,35.89,0.43,1.1981,15835.81,57296.012
959,002120.SZ,20190513,36.15,36.29,35.25,35.89,36.21,-0.32,-0.8837,18891.92,67624.088
960,002120.SZ,20190510,35.51,36.46,35.1,36.21,35.47,0.74,2.0863,24213.88,86967.71
961,002120.SZ,20190509,36.3,37.07,35.0,35.47,36.72,-1.25,-3.4041,32134.16,115184.206
962,002120.SZ,20190508,36.17,37.11,35.51,36.72,36.18,0.54,1.4925,29383.37,107642.272
963,002120.SZ,20190507,36.33,37.2,36.01,36.18,36.28,-0.1,-0.2756,39237.07,143331.803
964,002120.SZ,20190506,36.27,37.69,36.0,36.28,37.74,-1.46,-3.8686,33649.85,123590.97
965,002120.SZ,20190430,37.84,38.48,37.0,37.74,38.08,-0.34,-0.8929,20281.67,76177.167
966,002120.SZ,20190429,38.66,38.88,37.7,38.08,37.66,0.42,1.1152,37176.27,142134.213
967,002120.SZ,20190426,37.3,38.14,36.72,37.66,37.41,0.25,0.6683,25999.72,98329.13
968,002120.SZ,20190425,37.99,38.3,37.38,37.41,37.47,-0.06,-0.1601,20020.6,75935.235
969,002120.SZ,20190424,36.86,37.84,36.7,37.47,36.85,0.62,1.6825,30365.71,113780.14
970,002120.SZ,20190423,37.74,37.74,36.51,36.85,37.79,-0.94,-2.4874,23114.46,85207.792
971,002120.SZ,20190422,37.6,38.65,37.46,37.79,37.27,0.52,1.3952,29957.84,113755.737
972,002120.SZ,20190419,37.57,37.76,36.5,37.27,37.3,-0.03,-0.0804,42661.19,157592.143
973,002120.SZ,20190418,38.25,38.31,37.13,37.3,38.24,-0.94,-2.4582,22661.77,85057.056
974,002120.SZ,20190417,38.78,38.78,37.82,38.24,38.18,0.06,0.1572,14485.95,55338.225
975,002120.SZ,20190416,37.88,38.89,37.31,38.18,38.26,-0.08,-0.2091,22051.18,83297.76
976,002120.SZ,20190415,38.5,39.38,38.21,38.26,38.34,-0.08,-0.2087,23989.63,93286.274
977,002120.SZ,20190412,39.0,39.0,37.69,38.34,38.97,-0.63,-1.6166,15536.59,59493.096
978,002120.SZ,20190411,39.69,40.16,38.57,38.97,39.6,-0.63,-1.5909,22186.18,87068.858
979,002120.SZ,20190410,39.97,40.32,39.0,39.6,39.97,-0.37,-0.9257,26768.9,106490.157
980,002120.SZ,20190409,39.29,40.0,38.7,39.97,39.29,0.68,1.7307,23340.42,92374.645
981,002120.SZ,20190408,39.6,40.15,38.86,39.29,39.6,-0.31,-0.7828,32496.24,128822.376
982,002120.SZ,20190404,39.99,40.1,39.09,39.6,39.79,-0.19,-0.4775,25854.13,102387.806
983,002120.SZ,20190403,38.75,40.15,38.52,39.79,38.86,0.93,2.3932,40001.09,158831.023
984,002120.SZ,20190402,39.39,39.39,38.68,38.86,39.8,-0.94,-2.3618,35259.48,137623.716
985,002120.SZ,20190401,38.53,39.85,37.65,39.8,38.65,1.15,2.9754,74235.56,285476.057
986,002120.SZ,20190329,37.68,38.8,37.1,38.65,37.68,0.97,2.5743,33122.08,126572.771
987,002120.SZ,20190328,36.99,38.15,36.21,37.68,37.11,0.57,1.536,31464.31,118132.018
988,002120.SZ,20190327,36.5,37.11,36.0,37.11,36.09,1.02,2.8263,33992.31,124501.233
989,002120.SZ,20190326,36.01,36.51,35.95,36.09,36.2,-0.11,-0.3039,26218.91,94842.54
990,002120.SZ,20190325,36.31,36.31,35.7,36.2,36.5,-0.3,-0.8219,27514.32,99092.556
991,002120.SZ,20190322,37.06,37.17,36.24,36.5,37.02,-0.52,-1.4046,23916.01,87440.309
992,002120.SZ,20190321,37.41,37.88,36.88,37.02,37.37,-0.35,-0.9366,23532.32,87289.105
993,002120.SZ,20190320,37.68,37.68,36.86,37.37,37.69,-0.32,-0.849,21321.15,79430.665
994,002120.SZ,20190319,37.83,38.28,37.51,37.69,37.3,0.39,1.0456,26593.78,100600.288
995,002120.SZ,20190318,36.42,37.37,36.35,37.3,36.4,0.9,2.4725,25722.91,94455.153
996,002120.SZ,20190315,36.17,36.52,36.0,36.4,36.14,0.26,0.7194,21025.98,76418.742
997,002120.SZ,20190314,36.95,36.95,35.58,36.14,37.01,-0.87,-2.3507,29876.68,107977.824
998,002120.SZ,20190313,37.9,38.01,36.88,37.01,37.75,-0.74,-1.9603,40094.16,148663.066
999,002120.SZ,20190312,38.67,38.87,37.17,37.75,37.79,-0.04,-0.1058,39838.46,151861.393
1000,002120.SZ,20190311,37.84,38.4,37.08,37.79,36.58,1.21,3.3078,44358.82,167568.221
1001,002120.SZ,20190308,37.9,37.9,36.03,36.58,38.2,-1.62,-4.2408,38629.45,142966.623
1002,002120.SZ,20190307,39.0,39.9,37.66,38.2,39.73,-1.53,-3.851,34496.36,132388.699
1003,002120.SZ,20190306,40.79,40.79,38.85,39.73,40.8,-1.07,-2.6225,35082.43,138902.686
1004,002120.SZ,20190305,37.2,41.17,36.8,40.8,37.43,3.37,9.0035,40290.65,159870.77
1005,002120.SZ,20190304,37.28,37.9,36.4,37.43,36.31,1.12,3.0845,23074.97,85953.771
1006,002120.SZ,20190301,35.85,36.47,35.25,36.31,35.89,0.42,1.1702,18153.43,65207.006
1007,002120.SZ,20190228,35.96,36.2,34.8,35.89,35.57,0.32,0.8996,28223.04,100456.759
1008,002120.SZ,20190227,35.48,36.62,35.2,35.57,34.68,0.89,2.5663,41877.74,150252.471
1009,002120.SZ,20190226,35.12,36.0,34.41,34.68,35.02,-0.34,-0.9709,37122.23,129690.883
1010,002120.SZ,20190225,33.96,35.17,33.96,35.02,33.97,1.05,3.091,46664.3,162494.898
1011,002120.SZ,20190222,34.1,34.49,33.71,33.97,34.49,-0.52,-1.5077,18319.9,62236.327
1012,002120.SZ,20190221,34.88,35.07,34.03,34.49,34.79,-0.3,-0.8623,24469.17,84623.239
1013,002120.SZ,20190220,34.7,35.56,34.3,34.79,34.36,0.43,1.2515,39145.25,136353.586
1014,002120.SZ,20190219,35.5,35.5,33.9,34.36,34.99,-0.63,-1.8005,33359.7,115062.793
1015,002120.SZ,20190218,34.49,35.28,34.48,34.99,34.29,0.7,2.0414,19841.62,69288.499
1016,002120.SZ,20190215,35.58,35.58,34.1,34.29,35.6,-1.31,-3.6798,21564.28,74350.508
1017,002120.SZ,20190214,34.61,35.79,34.5,35.6,34.52,1.08,3.1286,20907.64,73446.736
1018,002120.SZ,20190213,34.79,34.9,34.25,34.52,34.75,-0.23,-0.6619,27437.07,94725.551
1019,002120.SZ,20190212,35.7,36.43,34.18,34.75,35.22,-0.47,-1.3345,32821.86,114194.52
1020,002120.SZ,20190211,34.36,36.85,34.36,35.22,34.3,0.92,2.6822,25382.7,91163.518
1021,002120.SZ,20190201,32.91,34.42,32.91,34.3,33.1,1.2,3.6254,10359.39,35236.035
1022,002120.SZ,20190131,33.08,33.33,32.7,33.1,33.01,0.09,0.2726,6448.45,21287.132
1023,002120.SZ,20190130,32.56,33.37,32.56,33.01,32.92,0.09,0.2734,7683.34,25340.587
1024,002120.SZ,20190129,33.83,33.83,32.3,32.92,33.87,-0.95,-2.8048,12265.47,40410.436
1025,002120.SZ,20190128,32.38,33.87,32.11,33.87,32.38,1.49,4.6016,22139.74,73787.031
1026,002120.SZ,20190125,32.3,32.92,32.08,32.38,32.23,0.15,0.4654,14517.31,47063.521
1027,002120.SZ,20190124,31.65,32.48,31.26,32.23,31.65,0.58,1.8325,13243.7,42615.472
1028,002120.SZ,20190123,31.24,31.9,31.01,31.65,31.23,0.42,1.3449,8617.7,27272.15
1029,002120.SZ,20190122,31.29,31.81,30.9,31.23,31.21,0.02,0.0641,17632.5,55388.333
1030,002120.SZ,20190121,31.26,32.32,31.07,31.21,31.21,0.0,0.0,15461.34,48692.616
1031,002120.SZ,20190118,31.0,31.46,30.52,31.21,30.72,0.49,1.5951,16643.73,51803.526
1032,002120.SZ,20190117,31.39,31.88,30.6,30.72,31.38,-0.66,-2.1033,10642.44,32987.005
1033,002120.SZ,20190116,31.15,31.8,30.82,31.38,31.1,0.28,0.9003,16279.69,51061.295
1034,002120.SZ,20190115,30.54,31.5,30.46,31.1,30.54,0.56,1.8337,13882.76,43276.553
1035,002120.SZ,20190114,30.28,30.65,30.02,30.54,30.35,0.19,0.626,5905.76,17952.782
1036,002120.SZ,20190111,29.9,30.41,29.68,30.35,29.91,0.44,1.4711,6886.89,20792.79
1037,002120.SZ,20190110,30.0,30.33,29.6,29.91,30.04,-0.13,-0.4328,8574.64,25726.694
1038,002120.SZ,20190109,29.55,30.35,29.55,30.04,29.55,0.49,1.6582,10582.54,31759.274
1039,002120.SZ,20190108,29.85,30.06,29.5,29.55,30.08,-0.53,-1.762,11074.24,32826.511
1040,002120.SZ,20190107,30.06,30.47,29.76,30.08,30.04,0.04,0.1332,14693.27,44182.132
1041,002120.SZ,20190104,30.35,30.89,29.76,30.04,30.37,-0.33,-1.0866,16306.6,49123.953
1042,002120.SZ,20190103,30.15,31.77,29.37,30.37,30.4,-0.03,-0.0987,26828.23,82176.423
1043,002120.SZ,20190102,30.3,30.81,29.02,30.4,30.3,0.1,0.33,16648.96,49848.287
